   6.2831853e+02   0.0000000e+00
   3.1415927e+02   0.0000000e+00
   2.0943951e+02   0.0000000e+00
   1.5707963e+02   0.0000000e+00
   1.2566371e+02   0.0000000e+00
   1.0471976e+02   0.0000000e+00
   8.9759790e+01   0.0000000e+00
   7.8539816e+01   0.0000000e+00
   6.9813170e+01   0.0000000e+00
   6.2831853e+01   0.0000000e+00
   5.7119866e+01   0.0000000e+00
   5.2359878e+01   0.0000000e+00
   4.8332195e+01   0.0000000e+00
   4.4879895e+01   0.0000000e+00
   4.1887902e+01   0.0000000e+00
   3.9269908e+01   0.0000000e+00
   3.6959914e+01   0.0000000e+00
   3.4906585e+01   0.0000000e+00
   3.3069396e+01   0.0000000e+00
   3.1415927e+01   0.0000000e+00
   2.9919930e+01   0.0000000e+00
   2.8559933e+01   0.0000000e+00
   2.7318197e+01   0.0000000e+00
   2.6179939e+01   0.0000000e+00
   2.5132741e+01   0.0000000e+00
   2.4166097e+01   0.0000000e+00
   2.3271057e+01   0.0000000e+00
   2.2439948e+01   0.0000000e+00
   2.1666156e+01   0.0000000e+00
   2.0943951e+01   0.0000000e+00
   2.0268340e+01   0.0000000e+00
   1.9634954e+01   0.0000000e+00
   1.9039955e+01   0.0000000e+00
   1.8479957e+01   0.0000000e+00
   1.7951958e+01   0.0000000e+00
   1.7453293e+01   0.0000000e+00
   1.6981582e+01   0.0000000e+00
   1.6534698e+01   0.0000000e+00
   1.6110732e+01   0.0000000e+00
   1.5707963e+01   0.0000000e+00
   1.5324842e+01   0.0000000e+00
   1.4959965e+01   0.0000000e+00
   1.4612059e+01  4.0418054e-310
   1.4279967e+01  7.7699471e-283
   1.3962634e+01  1.7314969e-258
   1.3659098e+01  1.0500611e-236
   1.3368479e+01  3.5973042e-217
   1.3089969e+01  1.3033830e-199
   1.2822827e+01  8.5730824e-184
   1.2566371e+01  1.6328266e-169
   1.2319971e+01  1.3496828e-156
   1.2083049e+01  6.8830623e-145
   1.1855067e+01  2.9427245e-134
   1.1635528e+01  1.3788263e-124
   1.1423973e+01  8.9541670e-116
   1.1219974e+01  9.9049731e-108
   1.1023132e+01  2.2378930e-100
   1.0833078e+01   1.2121508e-93
   1.0649467e+01   1.8135605e-87
   1.0471976e+01   8.4975090e-82
   1.0300304e+01   1.3939802e-76
   1.0134170e+01   8.8412136e-72
   9.9733100e+00   2.3684693e-67
   9.8174770e+00   2.9002169e-63
   9.6664389e+00   1.7421910e-59
   9.5199777e+00   5.4698652e-56
   9.3778885e+00   9.5011200e-53
   9.2399784e+00   9.6095788e-50
   9.1060657e+00   5.9261654e-47
   8.9759790e+00   2.3229117e-44
   8.8495568e+00   6.0088047e-42
   8.7266463e+00   1.0611913e-39
   8.6071032e+00   1.3195227e-37
   8.4907910e+00   1.1879155e-35
   8.3775804e+00   7.9417757e-34
   8.2673491e+00   4.0349270e-32
   8.1599809e+00   1.5909933e-30
   8.0553658e+00   4.9629537e-29
   7.9533991e+00   1.2463838e-27
   7.8539816e+00   2.5606516e-26
   7.7570189e+00   4.3671092e-25
   7.6624211e+00   6.2662389e-24
   7.5701028e+00   7.6582744e-23
   7.4799825e+00   8.0625076e-22
   7.3919827e+00   7.3880810e-21
   7.3060294e+00   5.9492428e-20
   7.2220521e+00   4.2469617e-19
   7.1399833e+00   2.7095728e-18
   7.0597588e+00   1.5565960e-17
   6.9813170e+00   8.1077774e-17
   6.9045992e+00   3.8534489e-16
   6.8295492e+00   1.6810580e-15
   6.7561132e+00   6.7682193e-15
   6.6842397e+00   2.5276910e-14
   6.6138793e+00   8.7977340e-14
   6.5449847e+00   2.8662088e-13
   6.4775106e+00   8.7759295e-13
   6.4114136e+00   2.5349013e-12
   6.3466518e+00   6.9315746e-12
   6.2831853e+00   1.8002009e-11
   6.2209756e+00   4.4539645e-11
   6.1599856e+00   1.0527819e-10
   6.1001799e+00   2.3836506e-10
   6.0415243e+00   5.1823865e-10
   5.9839860e+00   1.0844261e-09
   5.9275333e+00   2.1887080e-09
   5.8721358e+00   4.2694079e-09
   5.8177642e+00   8.0641336e-09
   5.7643902e+00   1.4774892e-08
   5.7119866e+00   2.6301807e-08
   5.6605273e+00   4.5563259e-08
   5.6099869e+00   7.6920761e-08
   5.5603410e+00   1.2672576e-07
   5.5115661e+00   2.0400259e-07
   5.4636394e+00   3.2127672e-07
   5.4165391e+00   4.9555024e-07
   5.3702439e+00   7.4941760e-07
   5.3247333e+00   1.1123042e-06
   5.2799877e+00   1.6217990e-06
   5.2359878e+00   2.3250423e-06
   5.1927151e+00   3.2801180e-06
   5.1501519e+00   4.5573937e-06
   5.1082807e+00   6.2407441e-06
   5.0670849e+00   8.4285926e-06
   5.0265482e+00   1.1234706e-05
   4.9866550e+00   1.4788684e-05
   4.9473900e+00   1.9236085e-05
   4.9087385e+00   2.4738160e-05
   4.8706863e+00   3.1471155e-05
   4.8332195e+00   3.9625179e-05
   4.7963247e+00   4.9402635e-05
   4.7599889e+00   6.1016242e-05
   4.7241995e+00   7.4686678e-05
   4.6889443e+00   9.0639897e-05
   4.6542113e+00   1.0910417e-04
   4.6199892e+00   1.3030696e-04
   4.5862666e+00   1.5447160e-04
   4.5530328e+00   1.8181402e-04
   4.5202772e+00   2.1253944e-04
   4.4879895e+00   2.4683918e-04
   4.4561598e+00   2.8488769e-04
   4.4247784e+00   3.2683974e-04
   4.3938359e+00   3.7282799e-04
   4.3633231e+00   4.2296082e-04
   4.3332312e+00   4.7732061e-04
   4.3035516e+00   5.3596233e-04
   4.2742757e+00   5.9891260e-04
   4.2453955e+00   6.6616916e-04
   4.2169029e+00   7.3770069e-04
   4.1887902e+00   8.1344706e-04
   4.1610499e+00   8.9331995e-04
   4.1336745e+00   9.7720377e-04
   4.1066571e+00   1.0649569e-03
   4.0799905e+00   1.1564134e-03
   4.0536679e+00   1.2513843e-03
   4.0276829e+00   1.3496602e-03
   4.0020289e+00   1.4510126e-03
   3.9766996e+00   1.5551968e-03
   3.9516889e+00   1.6619539e-03
   3.9269908e+00   1.7710128e-03
   3.9025996e+00   1.8820932e-03
   3.8785094e+00   1.9949073e-03
   3.8547149e+00   2.1091623e-03
   3.8312106e+00   2.2245625e-03
   3.8079911e+00   2.3408116e-03
   3.7850514e+00   2.4576144e-03
   3.7623864e+00   2.5746786e-03
   3.7399913e+00   2.6917167e-03
   3.7178611e+00   2.8084476e-03
   3.6959914e+00   2.9245977e-03
   3.6743774e+00   3.0399025e-03
   3.6530147e+00   3.1541074e-03
   3.6318990e+00   3.2669691e-03
   3.6110260e+00   3.3782557e-03
   3.5903916e+00   3.4877481e-03
   3.5699917e+00   3.5952400e-03
   3.5498222e+00   3.7005388e-03
   3.5298794e+00   3.8034653e-03
   3.5101594e+00   3.9038542e-03
   3.4906585e+00   4.0015543e-03
   3.4713731e+00   4.0964282e-03
   3.4522996e+00   4.1883521e-03
   3.4334346e+00   4.2772162e-03
   3.4147746e+00   4.3629235e-03
   3.3963164e+00   4.4453902e-03
   3.3780566e+00   4.5245454e-03
   3.3599921e+00   4.6003298e-03
   3.3421198e+00   4.6726963e-03
   3.3244367e+00   4.7416087e-03
   3.3069396e+00   4.8070417e-03
   3.2896258e+00   4.8689802e-03
   3.2724923e+00   4.9274185e-03
   3.2555364e+00   4.9823601e-03
   3.2387553e+00   5.0338171e-03
   3.2221463e+00   5.0818093e-03
   3.2057068e+00   5.1263641e-03
   3.1894342e+00   5.1675157e-03
   3.1733259e+00   5.2053044e-03
   3.1573796e+00   5.2397766e-03
   3.1415927e+00   5.2709837e-03
   3.1259628e+00   5.2989820e-03
   3.1104878e+00   5.3238321e-03
   3.0951652e+00   5.3455982e-03
   3.0799928e+00   5.3643482e-03
   3.0649684e+00   5.3801528e-03
   3.0500900e+00   5.3930853e-03
   3.0353552e+00   5.4032211e-03
   3.0207622e+00   5.4106376e-03
   3.0063088e+00   5.4154137e-03
   2.9919930e+00   5.4176292e-03
   2.9778129e+00   5.4173650e-03
   2.9637667e+00   5.4147026e-03
   2.9498523e+00   5.4097239e-03
   2.9360679e+00   5.4025107e-03
   2.9224118e+00   5.3931449e-03
   2.9088821e+00   5.3817079e-03
   2.8954771e+00   5.3682807e-03
   2.8821951e+00   5.3529437e-03
   2.8690344e+00   5.3357764e-03
   2.8559933e+00   5.3168573e-03
   2.8430703e+00   5.2962638e-03
   2.8302637e+00   5.2740723e-03
   2.8175719e+00   5.2503576e-03
   2.8049934e+00   5.2251933e-03
   2.7925268e+00   5.1986515e-03
   2.7801705e+00   5.1708027e-03
   2.7679230e+00   5.1417160e-03
   2.7557830e+00   5.1114587e-03
   2.7437490e+00   5.0800964e-03
   2.7318197e+00   5.0476931e-03
   2.7199936e+00   5.0143110e-03
   2.7082695e+00   4.9800107e-03
   2.6966461e+00   4.9448507e-03
   2.6851219e+00   4.9088881e-03
   2.6736959e+00   4.8721781e-03
   2.6623667e+00   4.8347740e-03
   2.6511330e+00   4.7967276e-03
   2.6399938e+00   4.7580889e-03
   2.6289478e+00   4.7189059e-03
   2.6179939e+00   4.6792253e-03
   2.6071308e+00   4.6390918e-03
   2.5963576e+00   4.5985486e-03
   2.5856730e+00   4.5576374e-03
   2.5750759e+00   4.5163979e-03
   2.5645654e+00   4.4748686e-03
   2.5541404e+00   4.4330862e-03
   2.5437997e+00   4.3910862e-03
   2.5335425e+00   4.3489024e-03
   2.5233676e+00   4.3065671e-03
   2.5132741e+00   4.2641114e-03
   2.5032611e+00   4.2215648e-03
   2.4933275e+00   4.1789558e-03
   2.4834725e+00   4.1363113e-03
   2.4736950e+00   4.0936571e-03
   2.4639942e+00   4.0510178e-03
   2.4543693e+00   4.0084165e-03
   2.4448192e+00   3.9658757e-03
   2.4353431e+00   3.9234163e-03
   2.4259403e+00   3.8810584e-03
   2.4166097e+00   3.8388209e-03
   2.4073507e+00   3.7967219e-03
   2.3981623e+00   3.7547783e-03
   2.3890438e+00   3.7130062e-03
   2.3799944e+00   3.6714207e-03
   2.3710133e+00   3.6300362e-03
   2.3620997e+00   3.5888660e-03
   2.3532529e+00   3.5479229e-03
   2.3444721e+00   3.5072186e-03
   2.3357566e+00   3.4667643e-03
   2.3271057e+00   3.4265704e-03
   2.3185186e+00   3.3866466e-03
   2.3099946e+00   3.3470019e-03
   2.3015331e+00   3.3076447e-03
   2.2931333e+00   3.2685828e-03
   2.2847947e+00   3.2298235e-03
   2.2765164e+00   3.1913733e-03
   2.2682979e+00   3.1532384e-03
   2.2601386e+00   3.1154243e-03
   2.2520377e+00   3.0779363e-03
   2.2439948e+00   3.0407788e-03
   2.2360090e+00   3.0039561e-03
   2.2280799e+00   2.9674720e-03
   2.2202068e+00   2.9313298e-03
   2.2123892e+00   2.8955324e-03
   2.2046264e+00   2.8600825e-03
   2.1969179e+00   2.8249822e-03
   2.1892632e+00   2.7902336e-03
   2.1816616e+00   2.7558381e-03
   2.1741126e+00   2.7217970e-03
   2.1666156e+00   2.6881113e-03
   2.1591702e+00   2.6547817e-03
   2.1517758e+00   2.6218087e-03
   2.1444318e+00   2.5891924e-03
   2.1371379e+00   2.5569329e-03
   2.1298933e+00   2.5250298e-03
   2.1226977e+00   2.4934827e-03
   2.1155506e+00   2.4622909e-03
   2.1084514e+00   2.4314536e-03
   2.1013998e+00   2.4009698e-03
   2.0943951e+00   2.3708382e-03
   2.0874370e+00   2.3410575e-03
   2.0805249e+00   2.3116262e-03
   2.0736585e+00   2.2825427e-03
   2.0668373e+00   2.2538052e-03
   2.0600608e+00   2.2254117e-03
   2.0533285e+00   2.1973604e-03
   2.0466402e+00   2.1696490e-03
   2.0399952e+00   2.1422754e-03
   2.0333933e+00   2.1152373e-03
   2.0268340e+00   2.0885323e-03
   2.0203168e+00   2.0621579e-03
   2.0138414e+00   2.0361116e-03
   2.0074074e+00   2.0103908e-03
   2.0010144e+00   1.9849928e-03
   1.9946620e+00   1.9599149e-03
   1.9883498e+00   1.9351543e-03
   1.9820774e+00   1.9107082e-03
   1.9758444e+00   1.8865737e-03
   1.9696506e+00   1.8627479e-03
   1.9634954e+00   1.8392279e-03
   1.9573786e+00   1.8160107e-03
   1.9512998e+00   1.7930933e-03
   1.9452586e+00   1.7704727e-03
   1.9392547e+00   1.7481458e-03
   1.9332878e+00   1.7261096e-03
   1.9273575e+00   1.7043610e-03
   1.9214634e+00   1.6828970e-03
   1.9156053e+00   1.6617143e-03
   1.9097828e+00   1.6408100e-03
   1.9039955e+00   1.6201810e-03
   1.8982433e+00   1.5998241e-03
   1.8925257e+00   1.5797362e-03
   1.8868424e+00   1.5599142e-03
   1.8811932e+00   1.5403551e-03
   1.8755777e+00   1.5210557e-03
   1.8699956e+00   1.5020130e-03
   1.8644467e+00   1.4832239e-03
   1.8589306e+00   1.4646853e-03
   1.8534470e+00   1.4463943e-03
   1.8479957e+00   1.4283477e-03
   1.8425763e+00   1.4105425e-03
   1.8371887e+00   1.3929758e-03
   1.8318325e+00   1.3756446e-03
   1.8265074e+00   1.3585459e-03
   1.8212131e+00   1.3416767e-03
   1.8159495e+00   1.3250341e-03
   1.8107162e+00   1.3086153e-03
   1.8055130e+00   1.2924174e-03
   1.8003396e+00   1.2764374e-03
   1.7951958e+00   1.2606727e-03
   1.7900813e+00   1.2451202e-03
   1.7849958e+00   1.2297773e-03
   1.7799392e+00   1.2146412e-03
   1.7749111e+00   1.1997092e-03
   1.7699114e+00   1.1849785e-03
   1.7649397e+00   1.1704465e-03
   1.7599959e+00   1.1561105e-03
   1.7550797e+00   1.1419679e-03
   1.7501909e+00   1.1280160e-03
   1.7453293e+00   1.1142523e-03
   1.7404945e+00   1.1006743e-03
   1.7356865e+00   1.0872793e-03
   1.7309050e+00   1.0740650e-03
   1.7261498e+00   1.0610288e-03
   1.7214206e+00   1.0481684e-03
   1.7167173e+00   1.0354812e-03
   1.7120396e+00   1.0229649e-03
   1.7073873e+00   1.0106172e-03
   1.7027602e+00   9.9843565e-04
   1.6981582e+00   9.8641804e-04
   1.6935809e+00   9.7456207e-04
   1.6890283e+00   9.6286550e-04
   1.6845001e+00   9.5132609e-04
   1.6799961e+00   9.3994165e-04
   1.6755161e+00   9.2871003e-04
   1.6710599e+00   9.1762908e-04
   1.6666274e+00   9.0669670e-04
   1.6622183e+00   8.9591079e-04
   1.6578325e+00   8.8526930e-04
   1.6534698e+00   8.7477020e-04
   1.6491300e+00   8.6441149e-04
   1.6448129e+00   8.5419118e-04
   1.6405184e+00   8.4410733e-04
   1.6362462e+00   8.3415800e-04
   1.6319962e+00   8.2434131e-04
   1.6277682e+00   8.1465537e-04
   1.6235621e+00   8.0509833e-04
   1.6193777e+00   7.9566837e-04
   1.6152147e+00   7.8636369e-04
   1.6110732e+00   7.7718252e-04
   1.6069528e+00   7.6812309e-04
   1.6028534e+00   7.5918369e-04
   1.5987749e+00   7.5036262e-04
   1.5947171e+00   7.4165818e-04
   1.5906798e+00   7.3306874e-04
   1.5866630e+00   7.2459264e-04
   1.5826663e+00   7.1622829e-04
   1.5786898e+00   7.0797410e-04
   1.5747332e+00   6.9982849e-04
   1.5707963e+00   6.9178994e-04
