   0.0000000e+00   4.2990842e-01
   1.0050000e+00   3.1493968e-01
   2.0100000e+00   1.9093411e-01
   3.0150000e+00   7.3203292e-02
   4.0200000e+00  -1.6976420e-02
   5.0250000e+00  -5.4226276e-02
   6.0300000e+00  -1.8682275e-02
   7.0350000e+00   9.1146401e-02
   8.0400000e+00   2.5061855e-01
   9.0450000e+00   4.1303314e-01
   1.0050000e+01   5.2582577e-01
   1.1055000e+01   5.5179648e-01
   1.2060000e+01   4.8462773e-01
   1.3065000e+01   3.5050434e-01
   1.4070000e+01   1.9502936e-01
   1.5075000e+01   6.2477117e-02
   1.6080000e+01  -2.1878318e-02
   1.7085000e+01  -5.8081093e-02
   1.8090000e+01  -6.5034091e-02
   1.9095000e+01  -6.6791318e-02
   2.0100000e+01  -8.0119621e-02
   2.1105000e+01  -1.0953079e-01
   2.2110000e+01  -1.5039157e-01
   2.3115000e+01  -1.9571708e-01
   2.4120000e+01  -2.4094637e-01
   2.5125000e+01  -2.8377510e-01
   2.6130000e+01  -3.2059795e-01
   2.7135000e+01  -3.4392241e-01
   2.8140000e+01  -3.4426076e-01
   2.9145000e+01  -3.1619973e-01
   3.0150000e+01  -2.6445318e-01
   3.1155000e+01  -2.0470967e-01
   3.2160000e+01  -1.5699501e-01
   3.3165000e+01  -1.3433456e-01
   3.4170000e+01  -1.3333626e-01
   3.5175000e+01  -1.3314273e-01
   3.6180000e+01  -1.0474218e-01
   3.7185000e+01  -2.6411826e-02
   3.8190000e+01   1.0308968e-01
   3.9195000e+01   2.6134263e-01
   4.0200000e+01   4.1157617e-01
   4.1205000e+01   5.1995043e-01
   4.2210000e+01   5.7164534e-01
   4.3215000e+01   5.7702787e-01
   4.4220000e+01   5.6450403e-01
   4.5225000e+01   5.6390000e-01
   4.6230000e+01   5.8932056e-01
   4.7235000e+01   6.3063068e-01
   4.8240000e+01   6.5800409e-01
   4.9245000e+01   6.3705566e-01
   5.0250000e+01   5.4667673e-01
   5.1255000e+01   3.9057974e-01
   5.2260000e+01   1.9707367e-01
   5.3265000e+01   7.6606233e-03
   5.4270000e+01  -1.3956979e-01
   5.5275000e+01  -2.2370615e-01
   5.6280000e+01  -2.4591314e-01
   5.7285000e+01  -2.2420086e-01
   5.8290000e+01  -1.8176531e-01
   5.9295000e+01  -1.3532774e-01
   6.0300000e+01  -8.9258365e-02
   6.1305000e+01  -3.7831169e-02
   6.2310000e+01   2.6411066e-02
   6.3315000e+01   1.0330805e-01
   6.4320000e+01   1.8025056e-01
   6.5325000e+01   2.3490743e-01
   6.6330000e+01   2.4452731e-01
   6.7335000e+01   1.9726145e-01
   6.8340000e+01   9.9648174e-02
   6.9345000e+01  -2.3924645e-02
   7.0350000e+01  -1.4006407e-01
   7.1355000e+01  -2.1960397e-01
   7.2360000e+01  -2.4894993e-01
   7.3365000e+01  -2.3404977e-01
   7.4370000e+01  -1.9513815e-01
   7.5375000e+01  -1.5508019e-01
   7.6380000e+01  -1.2742264e-01
   7.7385000e+01  -1.1037644e-01
   7.8390000e+01  -8.9776215e-02
   7.9395000e+01  -4.9241767e-02
   8.0400000e+01   1.8118284e-02
   8.1405000e+01   1.0296445e-01
   8.2410000e+01   1.8178615e-01
   8.3415000e+01   2.2687882e-01
   8.4420000e+01   2.1913261e-01
   8.5425000e+01   1.5707315e-01
   8.6430000e+01   5.7629951e-02
   8.7435000e+01  -5.1548654e-02
   8.8440000e+01  -1.4414548e-01
   8.9445000e+01  -2.0553996e-01
   9.0450000e+01  -2.3667854e-01
   9.1455000e+01  -2.5022100e-01
   9.2460000e+01  -2.6163997e-01
   9.3465000e+01  -2.8016435e-01
   9.4470000e+01  -3.0402835e-01
   9.5475000e+01  -3.2191096e-01
   9.6480000e+01  -3.1924543e-01
   9.7485000e+01  -2.8587528e-01
   9.8490000e+01  -2.2125087e-01
   9.9495000e+01  -1.3486559e-01
   1.0050000e+02  -4.1997895e-02
   1.0150500e+02   4.3092236e-02
   1.0251000e+02   1.1338558e-01
   1.0351500e+02   1.7198833e-01
   1.0452000e+02   2.3036065e-01
   1.0552500e+02   3.0248468e-01
   1.0653000e+02   3.9727153e-01
   1.0753500e+02   5.1238467e-01
   1.0854000e+02   6.3231414e-01
   1.0954500e+02   7.3196745e-01
   1.1055000e+02   7.8474771e-01
   1.1155500e+02   7.7200063e-01
   1.1256000e+02   6.8985022e-01
   1.1356500e+02   5.5039363e-01
   1.1457000e+02   3.7672079e-01
   1.1557500e+02   1.9412662e-01
   1.1658000e+02   2.1702074e-02
   1.1758500e+02  -1.3181299e-01
   1.1859000e+02  -2.6638217e-01
   1.1959500e+02  -3.8485365e-01
   1.2060000e+02  -4.8679317e-01
   1.2160500e+02  -5.6576651e-01
   1.2261000e+02  -6.1163004e-01
   1.2361500e+02  -6.1626665e-01
   1.2462000e+02  -5.7908153e-01
   1.2562500e+02  -5.0873968e-01
   1.2663000e+02  -4.1997692e-01
   1.2763500e+02  -3.2738632e-01
   1.2864000e+02  -2.3995160e-01
   1.2964500e+02  -1.5958794e-01
   1.3065000e+02  -8.4371332e-02
   1.3165500e+02  -1.4115514e-02
   1.3266000e+02   4.5589774e-02
   1.3366500e+02   8.3828904e-02
   1.3467000e+02   8.9389079e-02
   1.3567500e+02   5.7457288e-02
   1.3668000e+02  -6.1729506e-03
   1.3768500e+02  -8.6221200e-02
   1.3869000e+02  -1.6408400e-01
   1.3969500e+02  -2.2573572e-01
   1.4070000e+02  -2.6696555e-01
   1.4170500e+02  -2.9305280e-01
   1.4271000e+02  -3.1318388e-01
   1.4371500e+02  -3.3292007e-01
   1.4472000e+02  -3.4909680e-01
   1.4572500e+02  -3.5010692e-01
   1.4673000e+02  -3.2148233e-01
   1.4773500e+02  -2.5379497e-01
   1.4874000e+02  -1.4872335e-01
   1.4974500e+02  -2.0194092e-02
   1.5075000e+02   1.0991729e-01
   1.5175500e+02   2.1940701e-01
   1.5276000e+02   2.9318580e-01
   1.5376500e+02   3.2743061e-01
   1.5477000e+02   3.2905972e-01
   1.5577500e+02   3.1123749e-01
   1.5678000e+02   2.8712627e-01
   1.5778500e+02   2.6453662e-01
   1.5879000e+02   2.4352167e-01
   1.5979500e+02   2.1769229e-01
   1.6080000e+02   1.7857651e-01
   1.6180500e+02   1.2114663e-01
   1.6281000e+02   4.8064510e-02
   1.6381500e+02  -2.9480980e-02
   1.6482000e+02  -9.5203731e-02
   1.6582500e+02  -1.3440638e-01
   1.6683000e+02  -1.4118109e-01
   1.6783500e+02  -1.2269160e-01
   1.6884000e+02  -9.8022484e-02
   1.6984500e+02  -9.1425790e-02
   1.7085000e+02  -1.2254152e-01
   1.7185500e+02  -1.9789966e-01
   1.7286000e+02  -3.0768550e-01
   1.7386500e+02  -4.2936483e-01
   1.7487000e+02  -5.3647253e-01
   1.7587500e+02  -6.0839793e-01
   1.7688000e+02  -6.3669453e-01
   1.7788500e+02  -6.2545468e-01
   1.7889000e+02  -5.8646919e-01
   1.7989500e+02  -5.3243956e-01
   1.8090000e+02  -4.7203804e-01
   1.8190500e+02  -4.0895754e-01
   1.8291000e+02  -3.4438843e-01
   1.8391500e+02  -2.8030572e-01
   1.8492000e+02  -2.2076280e-01
   1.8592500e+02  -1.7006935e-01
   1.8693000e+02  -1.2910830e-01
   1.8793500e+02  -9.2551698e-02
   1.8894000e+02  -4.9395215e-02
   1.8994500e+02   1.2734573e-02
   1.9095000e+02   1.0140303e-01
   1.9195500e+02   2.1451920e-01
   1.9296000e+02   3.3947932e-01
   1.9396500e+02   4.5694174e-01
   1.9497000e+02   5.4755287e-01
   1.9597500e+02   5.9860028e-01
   1.9698000e+02   6.0781887e-01
   1.9798500e+02   5.8310097e-01
   1.9899000e+02   5.3872263e-01
   1.9999500e+02   4.8995995e-01
   2.0100000e+02   4.4821123e-01
