3.240000000000000000e+04 4.410200000000000564e+00
3.246004002668445537e+04 4.420200000000000351e+00
3.252008005336891438e+04 4.420200000000000351e+00
3.258012008005336975e+04 4.430200000000000138e+00
3.264016010673782512e+04 4.430200000000000138e+00
3.270020013342228049e+04 4.430200000000000138e+00
3.276024016010673949e+04 4.440200000000000813e+00
3.282028018679119123e+04 4.440200000000000813e+00
3.288032021347565023e+04 4.450200000000000600e+00
3.294036024016010924e+04 4.460200000000000387e+00
3.300040026684456097e+04 4.470200000000000173e+00
3.306044029352901998e+04 4.470200000000000173e+00
3.312048032021347899e+04 4.470200000000000173e+00
3.318052034689793072e+04 4.480199999999999960e+00
3.324056037358238973e+04 4.480199999999999960e+00
3.330060040026684146e+04 4.490200000000000635e+00
3.336064042695130047e+04 4.500200000000000422e+00
3.342068045363575948e+04 4.510200000000000209e+00
3.348072048032021121e+04 4.520200000000000884e+00
3.354076050700467022e+04 4.520200000000000884e+00
3.360080053368912922e+04 4.520200000000000884e+00
3.366084056037358096e+04 4.540200000000000458e+00
3.372088058705803996e+04 4.540200000000000458e+00
3.378092061374249170e+04 4.550200000000000244e+00
3.384096064042695070e+04 4.550200000000000244e+00
3.390100066711140971e+04 4.560200000000000031e+00
3.396104069379586144e+04 4.560200000000000031e+00
3.402108072048032045e+04 4.570200000000000706e+00
3.408112074716477946e+04 4.580200000000000493e+00
3.414116077384923119e+04 4.580200000000000493e+00
3.420120080053369020e+04 4.590200000000000280e+00
3.426124082721814921e+04 4.590200000000000280e+00
3.432128085390260094e+04 4.600200000000000955e+00
3.438132088058705995e+04 4.600200000000000955e+00
3.444136090727151168e+04 4.610200000000000742e+00
3.450140093395597069e+04 4.620200000000000529e+00
3.456144096064042969e+04 4.630200000000000315e+00
3.462148098732488143e+04 4.630200000000000315e+00
3.468152101400934043e+04 4.640200000000000102e+00
3.474156104069379217e+04 4.650200000000000777e+00
3.480160106737825117e+04 4.650200000000000777e+00
3.486164109406271018e+04 4.660200000000000564e+00
3.492168112074716191e+04 4.670200000000000351e+00
3.498172114743162092e+04 4.680200000000000138e+00
3.504176117411607993e+04 4.680200000000000138e+00
3.510180120080053166e+04 4.680200000000000138e+00
3.516184122748499067e+04 4.690200000000000813e+00
3.522188125416944968e+04 4.700200000000000600e+00
3.528192128085390141e+04 4.710200000000000387e+00
3.534196130753836042e+04 4.720200000000000173e+00
3.540200133422281215e+04 4.730199999999999960e+00
3.546204136090727116e+04 4.740200000000000635e+00
3.552208138759173016e+04 4.750200000000000422e+00
3.558212141427618189e+04 4.760200000000000209e+00
3.564216144096064090e+04 4.770200000000000884e+00
3.570220146764509991e+04 4.780200000000000671e+00
3.576224149432955164e+04 4.790200000000000458e+00
3.582228152101401065e+04 4.800200000000000244e+00
3.588232154769846238e+04 4.800200000000000244e+00
3.594236157438292139e+04 4.810200000000000031e+00
3.600240160106738040e+04 4.820200000000000706e+00
3.606244162775183213e+04 4.830200000000000493e+00
3.612248165443629114e+04 4.830200000000000493e+00
3.618252168112075015e+04 4.840200000000000280e+00
3.624256170780520188e+04 4.860200000000000742e+00
3.630260173448966088e+04 4.870200000000000529e+00
3.636264176117411989e+04 4.880200000000000315e+00
3.642268178785857162e+04 4.900200000000000777e+00
3.648272181454303063e+04 4.900200000000000777e+00
3.654276184122748236e+04 4.910200000000000564e+00
3.660280186791194137e+04 4.920200000000000351e+00
3.666284189459640038e+04 4.930200000000000138e+00
3.672288192128085211e+04 4.930200000000000138e+00
3.678292194796531112e+04 4.930200000000000138e+00
3.684296197464976285e+04 4.940200000000000813e+00
3.690300200133422186e+04 4.950200000000000600e+00
3.696304202801868087e+04 4.950200000000000600e+00
3.702308205470313260e+04 4.960200000000000387e+00
3.708312208138759161e+04 4.960200000000000387e+00
3.714316210807205061e+04 4.970200000000000173e+00
3.720320213475650235e+04 4.980199999999999960e+00
3.726324216144096135e+04 4.990200000000000635e+00
3.732328218812542036e+04 5.000200000000000422e+00
3.738332221480987209e+04 5.010200000000000209e+00
3.744336224149433110e+04 5.020200000000000884e+00
3.750340226817879011e+04 5.030200000000000671e+00
3.756344229486324184e+04 5.030200000000000671e+00
3.762348232154770085e+04 5.040200000000000458e+00
3.768352234823215258e+04 5.050200000000000244e+00
3.774356237491661159e+04 5.060200000000000031e+00
3.780360240160107060e+04 5.060200000000000031e+00
3.786364242828552233e+04 5.070200000000000706e+00
3.792368245496998134e+04 5.080200000000000493e+00
3.798372248165443307e+04 5.100200000000000955e+00
3.804376250833889208e+04 5.110200000000000742e+00
3.810380253502335108e+04 5.120200000000000529e+00
3.816384256170780282e+04 5.130200000000000315e+00
3.822388258839226182e+04 5.140200000000000102e+00
3.828392261507672083e+04 5.150200000000000777e+00
3.834396264176117256e+04 5.160200000000000564e+00
3.840400266844563157e+04 5.170200000000000351e+00
3.846404269513009058e+04 5.180200000000000138e+00
3.852408272181454231e+04 5.180200000000000138e+00
3.858412274849900132e+04 5.200200000000000600e+00
3.864416277518345305e+04 5.200200000000000600e+00
3.870420280186791206e+04 5.210200000000000387e+00
3.876424282855237107e+04 5.220200000000000173e+00
3.882428285523682280e+04 5.230199999999999960e+00
3.888432288192128181e+04 5.240200000000000635e+00
3.894436290860573354e+04 5.250200000000000422e+00
3.900440293529019254e+04 5.260200000000000209e+00
3.906444296197465155e+04 5.260200000000000209e+00
3.912448298865910328e+04 5.270200000000000884e+00
3.918452301534356229e+04 5.270200000000000884e+00
3.924456304202802130e+04 5.280200000000000671e+00
3.930460306871247303e+04 5.290200000000000458e+00
3.936464309539693204e+04 5.300200000000000244e+00
3.942468312208139105e+04 5.310200000000000031e+00
3.948472314876584278e+04 5.320200000000000706e+00
3.954476317545030179e+04 5.320200000000000706e+00
3.960480320213476080e+04 5.330200000000000493e+00
3.966484322881921253e+04 5.350200000000000955e+00
3.972488325550367153e+04 5.350200000000000955e+00
3.978492328218812327e+04 5.360200000000000742e+00
3.984496330887258227e+04 5.380200000000000315e+00
3.990500333555704128e+04 5.390200000000000102e+00
3.996504336224149301e+04 5.400200000000000777e+00
4.002508338892595202e+04 5.410200000000000564e+00
4.008512341561040375e+04 5.430200000000000138e+00
4.014516344229486276e+04 5.440200000000000813e+00
4.020520346897932177e+04 5.450200000000000600e+00
4.026524349566377350e+04 5.460200000000000387e+00
4.032528352234823251e+04 5.470200000000000173e+00
4.038532354903269152e+04 5.480199999999999960e+00
4.044536357571714325e+04 5.490200000000000635e+00
4.050540360240160226e+04 5.490200000000000635e+00
4.056544362908606126e+04 5.500200000000000422e+00
4.062548365577051300e+04 5.510200000000000209e+00
4.068552368245497200e+04 5.520200000000000884e+00
4.074556370913943101e+04 5.530200000000000671e+00
4.080560373582388274e+04 5.550200000000000244e+00
4.086564376250834175e+04 5.560200000000000031e+00
4.092568378919279348e+04 5.570199999999999818e+00
4.098572381587725249e+04 5.580200000000000493e+00
4.104576384256170422e+04 5.590200000000000280e+00
4.110580386924616323e+04 5.590200000000000280e+00
4.116584389593062224e+04 5.600200000000000955e+00
4.122588392261507397e+04 5.620200000000000529e+00
4.128592394929953298e+04 5.620200000000000529e+00
4.134596397598399199e+04 5.630200000000000315e+00
4.140600400266844372e+04 5.630200000000000315e+00
4.146604402935290273e+04 5.640200000000000102e+00
4.152608405603736173e+04 5.640200000000000102e+00
4.158612408272181347e+04 5.640200000000000102e+00
4.164616410940627247e+04 5.650199999999999889e+00
4.170620413609073148e+04 5.660200000000000564e+00
4.176624416277518321e+04 5.660200000000000564e+00
4.182628418945964222e+04 5.670200000000000351e+00
4.188632421614409395e+04 5.680200000000001026e+00
4.194636424282855296e+04 5.690200000000000813e+00
4.200640426951300469e+04 5.700200000000000600e+00
4.206644429619746370e+04 5.710200000000000387e+00
4.212648432288192271e+04 5.730199999999999960e+00
4.218652434956637444e+04 5.730199999999999960e+00
4.224656437625083345e+04 5.740200000000000635e+00
4.230660440293529246e+04 5.750200000000000422e+00
4.236664442961974419e+04 5.760200000000001097e+00
4.242668445630420320e+04 5.760200000000001097e+00
4.248672448298866220e+04 5.770200000000000884e+00
4.254676450967311393e+04 5.780200000000000671e+00
4.260680453635757294e+04 5.790200000000000458e+00
4.266684456304203195e+04 5.800200000000000244e+00
4.272688458972648368e+04 5.810200000000000031e+00
4.278692461641094269e+04 5.810200000000000031e+00
4.284696464309540170e+04 5.810200000000000031e+00
4.290700466977985343e+04 5.830200000000000493e+00
4.296704469646431244e+04 5.830200000000000493e+00
4.302708472314876417e+04 5.840200000000000280e+00
4.308712474983322318e+04 5.840200000000000280e+00
4.314716477651767491e+04 5.840200000000000280e+00
4.320720480320213392e+04 5.850200000000000955e+00
4.326724482988659292e+04 5.860200000000000742e+00
4.332728485657104466e+04 5.870200000000000529e+00
4.338732488325550366e+04 5.880200000000000315e+00
4.344736490993996267e+04 5.880200000000000315e+00
4.350740493662441440e+04 5.900199999999999889e+00
4.356744496330887341e+04 5.900199999999999889e+00
4.362748498999333242e+04 5.910200000000000564e+00
4.368752501667778415e+04 5.920200000000000351e+00
4.374756504336224316e+04 5.920200000000000351e+00
4.380760507004670217e+04 5.930200000000001026e+00
4.386764509673115390e+04 5.940200000000000813e+00
4.392768512341561291e+04 5.940200000000000813e+00
4.398772515010007191e+04 5.950200000000000600e+00
4.404776517678452365e+04 5.960200000000000387e+00
4.410780520346898265e+04 5.970200000000000173e+00
4.416784523015343439e+04 5.980199999999999960e+00
4.422788525683789339e+04 5.980199999999999960e+00
4.428792528352234513e+04 5.990200000000000635e+00
4.434796531020680413e+04 5.990200000000000635e+00
4.440800533689126314e+04 6.010200000000001097e+00
4.446804536357571487e+04 6.010200000000001097e+00
4.452808539026017388e+04 6.020200000000000884e+00
4.458812541694463289e+04 6.030200000000000671e+00
4.464816544362908462e+04 6.040200000000000458e+00
4.470820547031354363e+04 6.040200000000000458e+00
4.476824549699800264e+04 6.050200000000000244e+00
4.482828552368245437e+04 6.060200000000000031e+00
4.488832555036691338e+04 6.070199999999999818e+00
4.494836557705137238e+04 6.080200000000000493e+00
4.500840560373582412e+04 6.080200000000000493e+00
4.506844563042028312e+04 6.090200000000000280e+00
4.512848565710473486e+04 6.090200000000000280e+00
4.518852568378919386e+04 6.110200000000000742e+00
4.524856571047364559e+04 6.110200000000000742e+00
4.530860573715810460e+04 6.120200000000000529e+00
4.536864576384256361e+04 6.120200000000000529e+00
4.542868579052701534e+04 6.130200000000000315e+00
4.548872581721147435e+04 6.140200000000000102e+00
4.554876584389593336e+04 6.150199999999999889e+00
4.560880587058038509e+04 6.160200000000000564e+00
4.566884589726484410e+04 6.160200000000000564e+00
4.572888592394930311e+04 6.170200000000000351e+00
4.578892595063375484e+04 6.180200000000001026e+00
4.584896597731821385e+04 6.180200000000001026e+00
4.590900600400267285e+04 6.190200000000000813e+00
4.596904603068712458e+04 6.200200000000000600e+00
4.602908605737158359e+04 6.200200000000000600e+00
4.608912608405604260e+04 6.210200000000000387e+00
4.614916611074049433e+04 6.220200000000000173e+00
4.620920613742495334e+04 6.220200000000000173e+00
4.626924616410940507e+04 6.230199999999999960e+00
4.632928619079386408e+04 6.230199999999999960e+00
4.638932621747831581e+04 6.240200000000000635e+00
4.644936624416277482e+04 6.250200000000000422e+00
4.650940627084723383e+04 6.250200000000000422e+00
4.656944629753168556e+04 6.260200000000001097e+00
4.662948632421614457e+04 6.270200000000000884e+00
4.668952635090060357e+04 6.270200000000000884e+00
4.674956637758505531e+04 6.270200000000000884e+00
4.680960640426951431e+04 6.280200000000000671e+00
4.686964643095397332e+04 6.280200000000000671e+00
4.692968645763842505e+04 6.290200000000000458e+00
4.698972648432288406e+04 6.300200000000000244e+00
4.704976651100734307e+04 6.310200000000000031e+00
4.710980653769179480e+04 6.300200000000000244e+00
4.716984656437625381e+04 6.320199999999999818e+00
4.722988659106070554e+04 6.320199999999999818e+00
4.728992661774516455e+04 6.330200000000000493e+00
4.734996664442961628e+04 6.340200000000000280e+00
4.741000667111407529e+04 6.340200000000000280e+00
4.747004669779853430e+04 6.350200000000000955e+00
4.753008672448298603e+04 6.360200000000000742e+00
4.759012675116744504e+04 6.360200000000000742e+00
4.765016677785190404e+04 6.360200000000000742e+00
4.771020680453635578e+04 6.360200000000000742e+00
4.777024683122081478e+04 6.370200000000000529e+00
4.783028685790527379e+04 6.370200000000000529e+00
4.789032688458972552e+04 6.380200000000000315e+00
4.795036691127418453e+04 6.380200000000000315e+00
4.801040693795864354e+04 6.390200000000000102e+00
4.807044696464309527e+04 6.390200000000000102e+00
4.813048699132755428e+04 6.400199999999999889e+00
4.819052701801201329e+04 6.410200000000000564e+00
4.825056704469646502e+04 6.410200000000000564e+00
4.831060707138092403e+04 6.410200000000000564e+00
4.837064709806537576e+04 6.420200000000000351e+00
4.843068712474983477e+04 6.420200000000000351e+00
4.849072715143428650e+04 6.420200000000000351e+00
4.855076717811874551e+04 6.420200000000000351e+00
4.861080720480320451e+04 6.430200000000001026e+00
4.867084723148765625e+04 6.430200000000001026e+00
4.873088725817211525e+04 6.440200000000000813e+00
4.879092728485657426e+04 6.440200000000000813e+00
4.885096731154102599e+04 6.440200000000000813e+00
4.891100733822548500e+04 6.440200000000000813e+00
4.897104736490994401e+04 6.450200000000000600e+00
4.903108739159439574e+04 6.450200000000000600e+00
4.909112741827885475e+04 6.460200000000000387e+00
4.915116744496331376e+04 6.460200000000000387e+00
4.921120747164776549e+04 6.470200000000000173e+00
4.927124749833221722e+04 6.470200000000000173e+00
4.933128752501668350e+04 6.480199999999999960e+00
4.939132755170113523e+04 6.480199999999999960e+00
4.945136757838558697e+04 6.480199999999999960e+00
4.951140760507004597e+04 6.490200000000000635e+00
4.957144763175450498e+04 6.490200000000000635e+00
4.963148765843895671e+04 6.500200000000000422e+00
4.969152768512341572e+04 6.500200000000000422e+00
4.975156771180787473e+04 6.510200000000001097e+00
4.981160773849232646e+04 6.510200000000001097e+00
4.987164776517678547e+04 6.520200000000000884e+00
4.993168779186124448e+04 6.520200000000000884e+00
4.999172781854569621e+04 6.520200000000000884e+00
5.005176784523015522e+04 6.520200000000000884e+00
5.011180787191461422e+04 6.520200000000000884e+00
5.017184789859906596e+04 6.530200000000000671e+00
5.023188792528352496e+04 6.530200000000000671e+00
5.029192795196798397e+04 6.530200000000000671e+00
5.035196797865243570e+04 6.530200000000000671e+00
5.041200800533688744e+04 6.530200000000000671e+00
5.047204803202135372e+04 6.530200000000000671e+00
5.053208805870580545e+04 6.540200000000000458e+00
5.059212808539025718e+04 6.540200000000000458e+00
5.065216811207471619e+04 6.540200000000000458e+00
5.071220813875917520e+04 6.550200000000000244e+00
5.077224816544362693e+04 6.550200000000000244e+00
5.083228819212808594e+04 6.550200000000000244e+00
5.089232821881254495e+04 6.550200000000000244e+00
5.095236824549699668e+04 6.550200000000000244e+00
5.101240827218145569e+04 6.550200000000000244e+00
5.107244829886591469e+04 6.540200000000000458e+00
5.113248832555036643e+04 6.540200000000000458e+00
5.119252835223482543e+04 6.540200000000000458e+00
5.125256837891928444e+04 6.550200000000000244e+00
5.131260840560373617e+04 6.550200000000000244e+00
5.137264843228818791e+04 6.550200000000000244e+00
5.143268845897265419e+04 6.560200000000000031e+00
5.149272848565710592e+04 6.560200000000000031e+00
5.155276851234155765e+04 6.570199999999999818e+00
5.161280853902601666e+04 6.570199999999999818e+00
5.167284856571047567e+04 6.570199999999999818e+00
5.173288859239492740e+04 6.570199999999999818e+00
5.179292861907938641e+04 6.570199999999999818e+00
5.185296864576384542e+04 6.560200000000000031e+00
5.191300867244829715e+04 6.560200000000000031e+00
5.197304869913275616e+04 6.560200000000000031e+00
5.203308872581721516e+04 6.560200000000000031e+00
5.209312875250166690e+04 6.560200000000000031e+00
5.215316877918612590e+04 6.560200000000000031e+00
5.221320880587058491e+04 6.560200000000000031e+00
5.227324883255503664e+04 6.560200000000000031e+00
5.233328885923949565e+04 6.550200000000000244e+00
5.239332888592395466e+04 6.550200000000000244e+00
5.245336891260840639e+04 6.550200000000000244e+00
5.251340893929285812e+04 6.550200000000000244e+00
5.257344896597732441e+04 6.550200000000000244e+00
5.263348899266177614e+04 6.540200000000000458e+00
5.269352901934622787e+04 6.550200000000000244e+00
5.275356904603068688e+04 6.550200000000000244e+00
5.281360907271514589e+04 6.550200000000000244e+00
5.287364909939959762e+04 6.550200000000000244e+00
5.293368912608405662e+04 6.550200000000000244e+00
5.299372915276851563e+04 6.550200000000000244e+00
5.305376917945296736e+04 6.550200000000000244e+00
5.311380920613742637e+04 6.550200000000000244e+00
5.317384923282188538e+04 6.550200000000000244e+00
5.323388925950633711e+04 6.550200000000000244e+00
5.329392928619079612e+04 6.550200000000000244e+00
5.335396931287525513e+04 6.540200000000000458e+00
5.341400933955970686e+04 6.550200000000000244e+00
5.347404936624415859e+04 6.550200000000000244e+00
5.353408939292862487e+04 6.550200000000000244e+00
5.359412941961307661e+04 6.550200000000000244e+00
5.365416944629752834e+04 6.550200000000000244e+00
5.371420947298199462e+04 6.550200000000000244e+00
5.377424949966644635e+04 6.550200000000000244e+00
5.383428952635089809e+04 6.550200000000000244e+00
5.389432955303535709e+04 6.550200000000000244e+00
5.395436957971981610e+04 6.550200000000000244e+00
5.401440960640426783e+04 6.550200000000000244e+00
5.407444963308872684e+04 6.550200000000000244e+00
5.413448965977318585e+04 6.550200000000000244e+00
5.419452968645763758e+04 6.550200000000000244e+00
5.425456971314209659e+04 6.550200000000000244e+00
5.431460973982655560e+04 6.550200000000000244e+00
5.437464976651100733e+04 6.540200000000000458e+00
5.443468979319546634e+04 6.540200000000000458e+00
5.449472981987992534e+04 6.540200000000000458e+00
5.455476984656437708e+04 6.540200000000000458e+00
5.461480987324882881e+04 6.530200000000000671e+00
5.467484989993329509e+04 6.530200000000000671e+00
5.473488992661774682e+04 6.530200000000000671e+00
5.479492995330219856e+04 6.530200000000000671e+00
5.485496997998665756e+04 6.520200000000000884e+00
5.491501000667111657e+04 6.520200000000000884e+00
5.497505003335556830e+04 6.510200000000001097e+00
5.503509006004002731e+04 6.510200000000001097e+00
5.509513008672448632e+04 6.510200000000001097e+00
5.515517011340893805e+04 6.510200000000001097e+00
5.521521014009339706e+04 6.500200000000000422e+00
5.527525016677785607e+04 6.500200000000000422e+00
5.533529019346230780e+04 6.500200000000000422e+00
5.539533022014676681e+04 6.500200000000000422e+00
5.545537024683122581e+04 6.490200000000000635e+00
5.551541027351567755e+04 6.500200000000000422e+00
5.557545030020013655e+04 6.490200000000000635e+00
5.563549032688459556e+04 6.490200000000000635e+00
5.569553035356904729e+04 6.490200000000000635e+00
5.575557038025349902e+04 6.480199999999999960e+00
5.581561040693796531e+04 6.480199999999999960e+00
5.587565043362241704e+04 6.470200000000000173e+00
5.593569046030686877e+04 6.470200000000000173e+00
5.599573048699132778e+04 6.470200000000000173e+00
5.605577051367578679e+04 6.460200000000000387e+00
5.611581054036023852e+04 6.460200000000000387e+00
5.617585056704469753e+04 6.460200000000000387e+00
5.623589059372915654e+04 6.460200000000000387e+00
5.629593062041360827e+04 6.460200000000000387e+00
5.635597064709806727e+04 6.450200000000000600e+00
5.641601067378252628e+04 6.450200000000000600e+00
5.647605070046697801e+04 6.440200000000000813e+00
5.653609072715143702e+04 6.440200000000000813e+00
5.659613075383589603e+04 6.440200000000000813e+00
5.665617078052034776e+04 6.430200000000001026e+00
5.671621080720479949e+04 6.430200000000001026e+00
5.677625083388926578e+04 6.420200000000000351e+00
5.683629086057371751e+04 6.420200000000000351e+00
5.689633088725816924e+04 6.410200000000000564e+00
5.695637091394262825e+04 6.410200000000000564e+00
5.701641094062708726e+04 6.400199999999999889e+00
5.707645096731153899e+04 6.400199999999999889e+00
5.713649099399599800e+04 6.400199999999999889e+00
5.719653102068045700e+04 6.400199999999999889e+00
5.725657104736490874e+04 6.390200000000000102e+00
5.731661107404936774e+04 6.390200000000000102e+00
5.737665110073382675e+04 6.390200000000000102e+00
5.743669112741827848e+04 6.390200000000000102e+00
5.749673115410273749e+04 6.380200000000000315e+00
5.755677118078719650e+04 6.380200000000000315e+00
5.761681120747164823e+04 6.370200000000000529e+00
5.767685123415610724e+04 6.370200000000000529e+00
5.773689126084056625e+04 6.360200000000000742e+00
5.779693128752501798e+04 6.360200000000000742e+00
5.785697131420946971e+04 6.350200000000000955e+00
5.791701134089393599e+04 6.340200000000000280e+00
5.797705136757838773e+04 6.330200000000000493e+00
5.803709139426283946e+04 6.330200000000000493e+00
5.809713142094729847e+04 6.320199999999999818e+00
5.815717144763175747e+04 6.320199999999999818e+00
5.821721147431620921e+04 6.310200000000000031e+00
5.827725150100066821e+04 6.310200000000000031e+00
5.833729152768512722e+04 6.300200000000000244e+00
5.839733155436957895e+04 6.300200000000000244e+00
5.845737158105403796e+04 6.290200000000000458e+00
5.851741160773849697e+04 6.280200000000000671e+00
5.857745163442294870e+04 6.280200000000000671e+00
5.863749166110740771e+04 6.280200000000000671e+00
5.869753168779186672e+04 6.270200000000000884e+00
5.875757171447631845e+04 6.270200000000000884e+00
5.881761174116077018e+04 6.260200000000001097e+00
5.887765176784523646e+04 6.250200000000000422e+00
5.893769179452968820e+04 6.250200000000000422e+00
5.899773182121413993e+04 6.250200000000000422e+00
5.905777184789859893e+04 6.240200000000000635e+00
5.911781187458305794e+04 6.240200000000000635e+00
5.917785190126750967e+04 6.230199999999999960e+00
5.923789192795196868e+04 6.230199999999999960e+00
5.929793195463642769e+04 6.220200000000000173e+00
5.935797198132087942e+04 6.210200000000000387e+00
5.941801200800533843e+04 6.210200000000000387e+00
5.947805203468979744e+04 6.200200000000000600e+00
5.953809206137424917e+04 6.200200000000000600e+00
5.959813208805870818e+04 6.190200000000000813e+00
5.965817211474316719e+04 6.190200000000000813e+00
5.971821214142761892e+04 6.180200000000001026e+00
5.977825216811207792e+04 6.180200000000001026e+00
5.983829219479653693e+04 6.180200000000001026e+00
5.989833222148098866e+04 6.180200000000001026e+00
5.995837224816544040e+04 6.170200000000000351e+00
6.001841227484990668e+04 6.170200000000000351e+00
6.007845230153435841e+04 6.170200000000000351e+00
6.013849232821881014e+04 6.170200000000000351e+00
6.019853235490326915e+04 6.160200000000000564e+00
6.025857238158772816e+04 6.150199999999999889e+00
6.031861240827217989e+04 6.140200000000000102e+00
6.037865243495663890e+04 6.130200000000000315e+00
6.043869246164109791e+04 6.130200000000000315e+00
6.049873248832554964e+04 6.120200000000000529e+00
6.055877251501000865e+04 6.120200000000000529e+00
6.061881254169446765e+04 6.110200000000000742e+00
6.067885256837891939e+04 6.110200000000000742e+00
6.073889259506337839e+04 6.100200000000000955e+00
6.079893262174783740e+04 6.090200000000000280e+00
6.085897264843228913e+04 6.080200000000000493e+00
6.091901267511674087e+04 6.080200000000000493e+00
6.097905270180120715e+04 6.070199999999999818e+00
6.103909272848565888e+04 6.060200000000000031e+00
6.109913275517011061e+04 6.050200000000000244e+00
6.115917278185456962e+04 6.050200000000000244e+00
6.121921280853902863e+04 6.040200000000000458e+00
6.127925283522348036e+04 6.040200000000000458e+00
6.133929286190793937e+04 6.030200000000000671e+00
6.139933288859239838e+04 6.020200000000000884e+00
6.145937291527685011e+04 6.020200000000000884e+00
6.151941294196130912e+04 6.010200000000001097e+00
6.157945296864576812e+04 6.010200000000001097e+00
6.163949299533021986e+04 6.000200000000000422e+00
6.169953302201467886e+04 6.000200000000000422e+00
6.175957304869913787e+04 5.990200000000000635e+00
6.181961307538358960e+04 5.990200000000000635e+00
6.187965310206804861e+04 5.980199999999999960e+00
6.193969312875250762e+04 5.980199999999999960e+00
6.199973315543695935e+04 5.970200000000000173e+00
6.205977318212141108e+04 5.960200000000000387e+00
6.211981320880587737e+04 5.960200000000000387e+00
6.217985323549032910e+04 5.950200000000000600e+00
6.223989326217478083e+04 5.950200000000000600e+00
6.229993328885923984e+04 5.930200000000001026e+00
6.235997331554369885e+04 5.930200000000001026e+00
6.242001334222815058e+04 5.930200000000001026e+00
6.248005336891260959e+04 5.920200000000000351e+00
6.254009339559706859e+04 5.920200000000000351e+00
6.260013342228152032e+04 5.910200000000000564e+00
6.266017344896597933e+04 5.910200000000000564e+00
6.272021347565043834e+04 5.900199999999999889e+00
6.278025350233489007e+04 5.890200000000000102e+00
6.284029352901934908e+04 5.880200000000000315e+00
6.290033355570380809e+04 5.880200000000000315e+00
6.296037358238825982e+04 5.870200000000000529e+00
6.302041360907271155e+04 5.860200000000000742e+00
6.308045363575717784e+04 5.850200000000000955e+00
6.314049366244162957e+04 5.840200000000000280e+00
6.320053368912608130e+04 5.840200000000000280e+00
6.326057371581054758e+04 5.830200000000000493e+00
6.332061374249499931e+04 5.830200000000000493e+00
6.338065376917945105e+04 5.820199999999999818e+00
6.344069379586391005e+04 5.820199999999999818e+00
6.350073382254836906e+04 5.810200000000000031e+00
6.356077384923282079e+04 5.810200000000000031e+00
6.362081387591727980e+04 5.800200000000000244e+00
6.368085390260173881e+04 5.790200000000000458e+00
6.374089392928619054e+04 5.790200000000000458e+00
6.380093395597064955e+04 5.780200000000000671e+00
6.386097398265510856e+04 5.770200000000000884e+00
6.392101400933956029e+04 5.770200000000000884e+00
6.398105403602401930e+04 5.760200000000001097e+00
6.404109406270847830e+04 5.760200000000001097e+00
6.410113408939293004e+04 5.750200000000000422e+00
6.416117411607738177e+04 5.740200000000000635e+00
6.422121414276184805e+04 5.740200000000000635e+00
6.428125416944629978e+04 5.730199999999999960e+00
6.434129419613075152e+04 5.730199999999999960e+00
6.440133422281521052e+04 5.720200000000000173e+00
6.446137424949966953e+04 5.720200000000000173e+00
6.452141427618412126e+04 5.710200000000000387e+00
6.458145430286858027e+04 5.700200000000000600e+00
6.464149432955303928e+04 5.700200000000000600e+00
6.470153435623749101e+04 5.700200000000000600e+00
6.476157438292195002e+04 5.690200000000000813e+00
6.482161440960640903e+04 5.680200000000001026e+00
6.488165443629086076e+04 5.680200000000001026e+00
6.494169446297531977e+04 5.680200000000001026e+00
6.500173448965977877e+04 5.670200000000000351e+00
6.506177451634423051e+04 5.660200000000000564e+00
6.512181454302868951e+04 5.650199999999999889e+00
6.518185456971314125e+04 5.650199999999999889e+00
6.524189459639760025e+04 5.650199999999999889e+00
6.530193462308205926e+04 5.640200000000000102e+00
6.536197464976651099e+04 5.630200000000000315e+00
6.542201467645097000e+04 5.620200000000000529e+00
6.548205470313542901e+04 5.620200000000000529e+00
6.554209472981988802e+04 5.610200000000000742e+00
6.560213475650433975e+04 5.610200000000000742e+00
6.566217478318879148e+04 5.600200000000000955e+00
6.572221480987325776e+04 5.590200000000000280e+00
6.578225483655770950e+04 5.590200000000000280e+00
6.584229486324216123e+04 5.580200000000000493e+00
6.590233488992662751e+04 5.580200000000000493e+00
6.596237491661107924e+04 5.570199999999999818e+00
6.602241494329553097e+04 5.560200000000000031e+00
6.608245496997999726e+04 5.560200000000000031e+00
6.614249499666443444e+04 5.560200000000000031e+00
6.620253502334890072e+04 5.550200000000000244e+00
6.626257505003336701e+04 5.550200000000000244e+00
6.632261507671780419e+04 5.540200000000000458e+00
6.638265510340227047e+04 5.530200000000000671e+00
6.644269513008673675e+04 5.520200000000000884e+00
6.650273515677117393e+04 5.520200000000000884e+00
6.656277518345564022e+04 5.510200000000000209e+00
6.662281521014009195e+04 5.500200000000000422e+00
6.668285523682454368e+04 5.500200000000000422e+00
6.674289526350900996e+04 5.490200000000000635e+00
6.680293529019346170e+04 5.490200000000000635e+00
6.686297531687791343e+04 5.480199999999999960e+00
6.692301534356237971e+04 5.470200000000000173e+00
6.698305537024683144e+04 5.470200000000000173e+00
6.704309539693128318e+04 5.470200000000000173e+00
6.710313542361574946e+04 5.460200000000000387e+00
6.716317545030020119e+04 5.450200000000000600e+00
6.722321547698465292e+04 5.450200000000000600e+00
6.728325550366911921e+04 5.450200000000000600e+00
6.734329553035357094e+04 5.440200000000000813e+00
6.740333555703802267e+04 5.440200000000000813e+00
6.746337558372248895e+04 5.430200000000000138e+00
6.752341561040694069e+04 5.430200000000000138e+00
6.758345563709139242e+04 5.430200000000000138e+00
6.764349566377585870e+04 5.420200000000000351e+00
6.770353569046031043e+04 5.410200000000000564e+00
6.776357571714476217e+04 5.410200000000000564e+00
6.782361574382922845e+04 5.400200000000000777e+00
6.788365577051368018e+04 5.400200000000000777e+00
6.794369579719813191e+04 5.390200000000000102e+00
6.800373582388259820e+04 5.390200000000000102e+00
6.806377585056704993e+04 5.380200000000000315e+00
6.812381587725150166e+04 5.380200000000000315e+00
6.818385590393596794e+04 5.370200000000000529e+00
6.824389593062040512e+04 5.370200000000000529e+00
6.830393595730487141e+04 5.360200000000000742e+00
6.836397598398933769e+04 5.360200000000000742e+00
6.842401601067377487e+04 5.350200000000000955e+00
6.848405603735824116e+04 5.350200000000000955e+00
6.854409606404270744e+04 5.340200000000000280e+00
6.860413609072714462e+04 5.340200000000000280e+00
6.866417611741161090e+04 5.330200000000000493e+00
6.872421614409606264e+04 5.330200000000000493e+00
6.878425617078051437e+04 5.320200000000000706e+00
6.884429619746498065e+04 5.320200000000000706e+00
6.890433622414943238e+04 5.310200000000000031e+00
6.896437625083388411e+04 5.300200000000000244e+00
6.902441627751835040e+04 5.300200000000000244e+00
6.908445630420280213e+04 5.300200000000000244e+00
6.914449633088725386e+04 5.290200000000000458e+00
6.920453635757172015e+04 5.290200000000000458e+00
6.926457638425617188e+04 5.290200000000000458e+00
6.932461641094062361e+04 5.280200000000000671e+00
6.938465643762508989e+04 5.270200000000000884e+00
6.944469646430954162e+04 5.270200000000000884e+00
6.950473649099399336e+04 5.260200000000000209e+00
6.956477651767845964e+04 5.260200000000000209e+00
6.962481654436291137e+04 5.260200000000000209e+00
6.968485657104736310e+04 5.250200000000000422e+00
6.974489659773182939e+04 5.250200000000000422e+00
6.980493662441628112e+04 5.250200000000000422e+00
6.986497665110073285e+04 5.240200000000000635e+00
6.992501667778519914e+04 5.240200000000000635e+00
6.998505670446965087e+04 5.230199999999999960e+00
7.004509673115410260e+04 5.230199999999999960e+00
7.010513675783856888e+04 5.220200000000000173e+00
7.016517678452302061e+04 5.220200000000000173e+00
7.022521681120747235e+04 5.220200000000000173e+00
7.028525683789193863e+04 5.210200000000000387e+00
7.034529686457637581e+04 5.210200000000000387e+00
7.040533689126084209e+04 5.200200000000000600e+00
7.046537691794530838e+04 5.200200000000000600e+00
7.052541694462974556e+04 5.190200000000000813e+00
7.058545697131421184e+04 5.190200000000000813e+00
7.064549699799867813e+04 5.180200000000000138e+00
7.070553702468311531e+04 5.180200000000000138e+00
7.076557705136758159e+04 5.170200000000000351e+00
7.082561707805203332e+04 5.170200000000000351e+00
7.088565710473648505e+04 5.170200000000000351e+00
7.094569713142095134e+04 5.170200000000000351e+00
7.100573715810540307e+04 5.160200000000000564e+00
7.106577718478985480e+04 5.160200000000000564e+00
7.112581721147432108e+04 5.160200000000000564e+00
7.118585723815877282e+04 5.160200000000000564e+00
7.124589726484322455e+04 5.150200000000000777e+00
7.130593729152769083e+04 5.150200000000000777e+00
7.136597731821214256e+04 5.150200000000000777e+00
7.142601734489659430e+04 5.150200000000000777e+00
7.148605737158106058e+04 5.140200000000000102e+00
7.154609739826551231e+04 5.140200000000000102e+00
7.160613742494996404e+04 5.130200000000000315e+00
7.166617745163443033e+04 5.130200000000000315e+00
7.172621747831888206e+04 5.130200000000000315e+00
7.178625750500333379e+04 5.130200000000000315e+00
7.184629753168780007e+04 5.120200000000000529e+00
7.190633755837225181e+04 5.120200000000000529e+00
7.196637758505670354e+04 5.120200000000000529e+00
7.202641761174116982e+04 5.110200000000000742e+00
7.208645763842562155e+04 5.110200000000000742e+00
7.214649766511007329e+04 5.100200000000000955e+00
7.220653769179453957e+04 5.100200000000000955e+00
7.226657771847899130e+04 5.100200000000000955e+00
7.232661774516344303e+04 5.100200000000000955e+00
7.238665777184790932e+04 5.100200000000000955e+00
7.244669779853234650e+04 5.100200000000000955e+00
7.250673782521681278e+04 5.090200000000000280e+00
7.256677785190127906e+04 5.090200000000000280e+00
7.262681787858571624e+04 5.100200000000000955e+00
7.268685790527018253e+04 5.090200000000000280e+00
7.274689793195464881e+04 5.090200000000000280e+00
7.280693795863908599e+04 5.090200000000000280e+00
7.286697798532355228e+04 5.100200000000000955e+00
7.292701801200801856e+04 5.090200000000000280e+00
7.298705803869245574e+04 5.080200000000000493e+00
7.304709806537692202e+04 5.080200000000000493e+00
7.310713809206137375e+04 5.080200000000000493e+00
7.316717811874582549e+04 5.070200000000000706e+00
7.322721814543029177e+04 5.070200000000000706e+00
7.328725817211474350e+04 5.070200000000000706e+00
7.334729819879919523e+04 5.060200000000000031e+00
7.340733822548366152e+04 5.070200000000000706e+00
7.346737825216811325e+04 5.070200000000000706e+00
7.352741827885256498e+04 5.070200000000000706e+00
7.358745830553703126e+04 5.070200000000000706e+00
7.364749833222148300e+04 5.070200000000000706e+00
7.370753835890593473e+04 5.070200000000000706e+00
7.376757838559040101e+04 5.070200000000000706e+00
7.382761841227485274e+04 5.070200000000000706e+00
7.388765843895930448e+04 5.070200000000000706e+00
7.394769846564377076e+04 5.070200000000000706e+00
7.400773849232822249e+04 5.070200000000000706e+00
7.406777851901267422e+04 5.060200000000000031e+00
7.412781854569714051e+04 5.060200000000000031e+00
7.418785857238159224e+04 5.060200000000000031e+00
7.424789859906604397e+04 5.060200000000000031e+00
7.430793862575051025e+04 5.060200000000000031e+00
7.436797865243496199e+04 5.060200000000000031e+00
7.442801867911941372e+04 5.060200000000000031e+00
7.448805870580388000e+04 5.060200000000000031e+00
7.454809873248831718e+04 5.060200000000000031e+00
7.460813875917278347e+04 5.060200000000000031e+00
7.466817878585724975e+04 5.050200000000000244e+00
7.472821881254168693e+04 5.050200000000000244e+00
7.478825883922615321e+04 5.050200000000000244e+00
7.484829886591061950e+04 5.050200000000000244e+00
7.490833889259505668e+04 5.050200000000000244e+00
7.496837891927952296e+04 5.050200000000000244e+00
7.502841894596398924e+04 5.050200000000000244e+00
7.508845897264842642e+04 5.050200000000000244e+00
7.514849899933289271e+04 5.050200000000000244e+00
7.520853902601734444e+04 5.050200000000000244e+00
7.526857905270179617e+04 5.050200000000000244e+00
7.532861907938626246e+04 5.060200000000000031e+00
7.538865910607071419e+04 5.060200000000000031e+00
7.544869913275516592e+04 5.060200000000000031e+00
7.550873915943963220e+04 5.060200000000000031e+00
7.556877918612408394e+04 5.060200000000000031e+00
7.562881921280853567e+04 5.060200000000000031e+00
7.568885923949300195e+04 5.060200000000000031e+00
7.574889926617745368e+04 5.060200000000000031e+00
7.580893929286190541e+04 5.060200000000000031e+00
7.586897931954637170e+04 5.060200000000000031e+00
7.592901934623082343e+04 5.060200000000000031e+00
7.598905937291527516e+04 5.060200000000000031e+00
7.604909939959974145e+04 5.060200000000000031e+00
7.610913942628419318e+04 5.060200000000000031e+00
7.616917945296864491e+04 5.070200000000000706e+00
7.622921947965311119e+04 5.070200000000000706e+00
7.628925950633756293e+04 5.070200000000000706e+00
7.634929953302201466e+04 5.070200000000000706e+00
7.640933955970648094e+04 5.070200000000000706e+00
7.646937958639093267e+04 5.070200000000000706e+00
7.652941961307538440e+04 5.070200000000000706e+00
7.658945963975985069e+04 5.080200000000000493e+00
7.664949966644430242e+04 5.080200000000000493e+00
7.670953969312875415e+04 5.070200000000000706e+00
7.676957971981322044e+04 5.080200000000000493e+00
7.682961974649765762e+04 5.080200000000000493e+00
7.688965977318212390e+04 5.080200000000000493e+00
7.694969979986659018e+04 5.080200000000000493e+00
7.700973982655102736e+04 5.080200000000000493e+00
7.706977985323549365e+04 5.080200000000000493e+00
7.712981987991995993e+04 5.090200000000000280e+00
7.718985990660439711e+04 5.090200000000000280e+00
7.724989993328886339e+04 5.100200000000000955e+00
7.730993995997331513e+04 5.100200000000000955e+00
7.736997998665776686e+04 5.100200000000000955e+00
7.743002001334223314e+04 5.100200000000000955e+00
7.749006004002668487e+04 5.100200000000000955e+00
7.755010006671113661e+04 5.100200000000000955e+00
7.761014009339560289e+04 5.110200000000000742e+00
7.767018012008005462e+04 5.110200000000000742e+00
7.773022014676450635e+04 5.120200000000000529e+00
7.779026017344897264e+04 5.120200000000000529e+00
7.785030020013342437e+04 5.130200000000000315e+00
7.791034022681787610e+04 5.130200000000000315e+00
7.797038025350234238e+04 5.130200000000000315e+00
7.803042028018679412e+04 5.130200000000000315e+00
7.809046030687124585e+04 5.140200000000000102e+00
7.815050033355571213e+04 5.140200000000000102e+00
7.821054036024016386e+04 5.140200000000000102e+00
7.827058038692461560e+04 5.150200000000000777e+00
7.833062041360908188e+04 5.150200000000000777e+00
7.839066044029353361e+04 5.150200000000000777e+00
7.845070046697798534e+04 5.160200000000000564e+00
7.851074049366245163e+04 5.170200000000000351e+00
7.857078052034690336e+04 5.180200000000000138e+00
7.863082054703135509e+04 5.180200000000000138e+00
7.869086057371582137e+04 5.180200000000000138e+00
7.875090060040027311e+04 5.180200000000000138e+00
7.881094062708472484e+04 5.180200000000000138e+00
7.887098065376919112e+04 5.190200000000000813e+00
7.893102068045362830e+04 5.190200000000000813e+00
7.899106070713809459e+04 5.200200000000000600e+00
7.905110073382256087e+04 5.200200000000000600e+00
7.911114076050699805e+04 5.200200000000000600e+00
7.917118078719146433e+04 5.210200000000000387e+00
7.923122081387593062e+04 5.220200000000000173e+00
7.929126084056036780e+04 5.220200000000000173e+00
7.935130086724483408e+04 5.220200000000000173e+00
7.941134089392928581e+04 5.230199999999999960e+00
7.947138092061373754e+04 5.230199999999999960e+00
7.953142094729820383e+04 5.230199999999999960e+00
7.959146097398265556e+04 5.240200000000000635e+00
7.965150100066710729e+04 5.240200000000000635e+00
7.971154102735157358e+04 5.250200000000000422e+00
7.977158105403602531e+04 5.250200000000000422e+00
7.983162108072047704e+04 5.250200000000000422e+00
7.989166110740494332e+04 5.260200000000000209e+00
7.995170113408939505e+04 5.270200000000000884e+00
8.001174116077384679e+04 5.280200000000000671e+00
8.007178118745831307e+04 5.290200000000000458e+00
8.013182121414276480e+04 5.290200000000000458e+00
8.019186124082721653e+04 5.300200000000000244e+00
8.025190126751168282e+04 5.300200000000000244e+00
8.031194129419613455e+04 5.300200000000000244e+00
8.037198132088058628e+04 5.310200000000000031e+00
8.043202134756505257e+04 5.310200000000000031e+00
8.049206137424950430e+04 5.310200000000000031e+00
8.055210140093395603e+04 5.320200000000000706e+00
8.061214142761842231e+04 5.330200000000000493e+00
8.067218145430287404e+04 5.330200000000000493e+00
8.073222148098732578e+04 5.350200000000000955e+00
8.079226150767179206e+04 5.350200000000000955e+00
8.085230153435624379e+04 5.350200000000000955e+00
8.091234156104069552e+04 5.360200000000000742e+00
8.097238158772516181e+04 5.360200000000000742e+00
8.103242161440959899e+04 5.360200000000000742e+00
8.109246164109406527e+04 5.370200000000000529e+00
8.115250166777853156e+04 5.370200000000000529e+00
8.121254169446296874e+04 5.380200000000000315e+00
8.127258172114743502e+04 5.380200000000000315e+00
8.133262174783190130e+04 5.390200000000000102e+00
8.139266177451633848e+04 5.400200000000000777e+00
8.145270180120080477e+04 5.410200000000000564e+00
8.151274182788525650e+04 5.420200000000000351e+00
8.157278185456970823e+04 5.420200000000000351e+00
8.163282188125417451e+04 5.430200000000000138e+00
8.169286190793862625e+04 5.430200000000000138e+00
8.175290193462307798e+04 5.440200000000000813e+00
8.181294196130754426e+04 5.440200000000000813e+00
8.187298198799199599e+04 5.450200000000000600e+00
8.193302201467644772e+04 5.450200000000000600e+00
8.199306204136091401e+04 5.460200000000000387e+00
8.205310206804536574e+04 5.470200000000000173e+00
8.211314209472981747e+04 5.480199999999999960e+00
8.217318212141428376e+04 5.490200000000000635e+00
8.223322214809873549e+04 5.500200000000000422e+00
8.229326217478318722e+04 5.500200000000000422e+00
8.235330220146765350e+04 5.510200000000000209e+00
8.241334222815210524e+04 5.520200000000000884e+00
8.247338225483655697e+04 5.520200000000000884e+00
8.253342228152102325e+04 5.530200000000000671e+00
8.259346230820547498e+04 5.540200000000000458e+00
8.265350233488992671e+04 5.540200000000000458e+00
8.271354236157439300e+04 5.550200000000000244e+00
8.277358238825884473e+04 5.550200000000000244e+00
8.283362241494329646e+04 5.560200000000000031e+00
8.289366244162776275e+04 5.570199999999999818e+00
8.295370246831221448e+04 5.570199999999999818e+00
8.301374249499666621e+04 5.580200000000000493e+00
8.307378252168113249e+04 5.580200000000000493e+00
8.313382254836556967e+04 5.590200000000000280e+00
8.319386257505003596e+04 5.600200000000000955e+00
8.325390260173450224e+04 5.600200000000000955e+00
8.331394262841893942e+04 5.610200000000000742e+00
8.337398265510340570e+04 5.620200000000000529e+00
8.343402268178787199e+04 5.630200000000000315e+00
8.349406270847230917e+04 5.640200000000000102e+00
8.355410273515677545e+04 5.640200000000000102e+00
8.361414276184122718e+04 5.650199999999999889e+00
8.367418278852567892e+04 5.660200000000000564e+00
8.373422281521014520e+04 5.660200000000000564e+00
8.379426284189459693e+04 5.670200000000000351e+00
8.385430286857904866e+04 5.680200000000001026e+00
8.391434289526351495e+04 5.690200000000000813e+00
8.397438292194796668e+04 5.690200000000000813e+00
8.403442294863241841e+04 5.700200000000000600e+00
8.409446297531688469e+04 5.700200000000000600e+00
8.415450300200133643e+04 5.710200000000000387e+00
8.421454302868578816e+04 5.710200000000000387e+00
8.427458305537025444e+04 5.720200000000000173e+00
8.433462308205470617e+04 5.730199999999999960e+00
8.439466310873915791e+04 5.740200000000000635e+00
8.445470313542362419e+04 5.740200000000000635e+00
8.451474316210807592e+04 5.750200000000000422e+00
8.457478318879252765e+04 5.750200000000000422e+00
8.463482321547699394e+04 5.760200000000001097e+00
8.469486324216144567e+04 5.760200000000001097e+00
8.475490326884589740e+04 5.770200000000000884e+00
8.481494329553036368e+04 5.770200000000000884e+00
8.487498332221481542e+04 5.770200000000000884e+00
8.493502334889926715e+04 5.780200000000000671e+00
8.499506337558373343e+04 5.790200000000000458e+00
8.505510340226818516e+04 5.800200000000000244e+00
8.511514342895263690e+04 5.800200000000000244e+00
8.517518345563710318e+04 5.800200000000000244e+00
8.523522348232154036e+04 5.810200000000000031e+00
8.529526350900600664e+04 5.820199999999999818e+00
8.535530353569047293e+04 5.820199999999999818e+00
8.541534356237491011e+04 5.830200000000000493e+00
8.547538358905937639e+04 5.840200000000000280e+00
8.553542361574384267e+04 5.840200000000000280e+00
8.559546364242827985e+04 5.850200000000000955e+00
8.565550366911274614e+04 5.860200000000000742e+00
8.571554369579719787e+04 5.870200000000000529e+00
8.577558372248164960e+04 5.880200000000000315e+00
8.583562374916611589e+04 5.890200000000000102e+00
8.589566377585056762e+04 5.900199999999999889e+00
8.595570380253501935e+04 5.910200000000000564e+00
8.601574382921948563e+04 5.910200000000000564e+00
8.607578385590393736e+04 5.920200000000000351e+00
8.613582388258838910e+04 5.920200000000000351e+00
8.619586390927285538e+04 5.930200000000001026e+00
8.625590393595730711e+04 5.940200000000000813e+00
8.631594396264175884e+04 5.940200000000000813e+00
8.637598398932622513e+04 5.940200000000000813e+00
8.643602401601067686e+04 5.940200000000000813e+00
8.649606404269512859e+04 5.950200000000000600e+00
8.655610406937959488e+04 5.950200000000000600e+00
8.661614409606404661e+04 5.960200000000000387e+00
8.667618412274849834e+04 5.970200000000000173e+00
8.673622414943296462e+04 5.970200000000000173e+00
8.679626417611741635e+04 5.970200000000000173e+00
8.685630420280186809e+04 5.980199999999999960e+00
8.691634422948633437e+04 6.000200000000000422e+00
8.697638425617078610e+04 6.010200000000001097e+00
8.703642428285523783e+04 6.010200000000001097e+00
8.709646430953970412e+04 6.020200000000000884e+00
8.715650433622415585e+04 6.020200000000000884e+00
8.721654436290860758e+04 6.020200000000000884e+00
8.727658438959307387e+04 6.020200000000000884e+00
8.733662441627751105e+04 6.020200000000000884e+00
8.739666444296197733e+04 6.020200000000000884e+00
8.745670446964644361e+04 6.020200000000000884e+00
8.751674449633088079e+04 6.020200000000000884e+00
8.757678452301534708e+04 6.020200000000000884e+00
8.763682454969981336e+04 6.030200000000000671e+00
8.769686457638425054e+04 6.030200000000000671e+00
8.775690460306871682e+04 6.030200000000000671e+00
8.781694462975316856e+04 6.030200000000000671e+00
8.787698465643762029e+04 6.040200000000000458e+00
8.793702468312208657e+04 6.040200000000000458e+00
8.799706470980653830e+04 6.040200000000000458e+00
8.805710473649099004e+04 6.050200000000000244e+00
8.811714476317545632e+04 6.050200000000000244e+00
8.817718478985990805e+04 6.060200000000000031e+00
8.823722481654435978e+04 6.070199999999999818e+00
8.829726484322882607e+04 6.070199999999999818e+00
8.835730486991327780e+04 6.080200000000000493e+00
8.841734489659772953e+04 6.090200000000000280e+00
8.847738492328219581e+04 6.100200000000000955e+00
8.853742494996664755e+04 6.110200000000000742e+00
8.859746497665109928e+04 6.110200000000000742e+00
8.865750500333556556e+04 6.120200000000000529e+00
8.871754503002001729e+04 6.120200000000000529e+00
8.877758505670446903e+04 6.120200000000000529e+00
8.883762508338893531e+04 6.130200000000000315e+00
8.889766511007338704e+04 6.140200000000000102e+00
8.895770513675783877e+04 6.140200000000000102e+00
8.901774516344230506e+04 6.140200000000000102e+00
8.907778519012675679e+04 6.150199999999999889e+00
8.913782521681120852e+04 6.150199999999999889e+00
8.919786524349567480e+04 6.160200000000000564e+00
8.925790527018012654e+04 6.160200000000000564e+00
8.931794529686457827e+04 6.170200000000000351e+00
8.937798532354904455e+04 6.180200000000001026e+00
8.943802535023348173e+04 6.180200000000001026e+00
8.949806537691794802e+04 6.190200000000000813e+00
8.955810540360241430e+04 6.190200000000000813e+00
8.961814543028685148e+04 6.190200000000000813e+00
8.967818545697131776e+04 6.200200000000000600e+00
8.973822548365578405e+04 6.200200000000000600e+00
8.979826551034022123e+04 6.210200000000000387e+00
8.985830553702468751e+04 6.210200000000000387e+00
8.991834556370913924e+04 6.210200000000000387e+00
8.997838559039359097e+04 6.220200000000000173e+00
9.003842561707805726e+04 6.220200000000000173e+00
9.009846564376250899e+04 6.220200000000000173e+00
9.015850567044696072e+04 6.220200000000000173e+00
9.021854569713142700e+04 6.230199999999999960e+00
9.027858572381587874e+04 6.230199999999999960e+00
9.033862575050033047e+04 6.240200000000000635e+00
9.039866577718479675e+04 6.250200000000000422e+00
9.045870580386924848e+04 6.250200000000000422e+00
9.051874583055370022e+04 6.250200000000000422e+00
9.057878585723816650e+04 6.250200000000000422e+00
9.063882588392261823e+04 6.250200000000000422e+00
9.069886591060706996e+04 6.260200000000001097e+00
9.075890593729153625e+04 6.250200000000000422e+00
9.081894596397598798e+04 6.260200000000001097e+00
9.087898599066043971e+04 6.260200000000001097e+00
9.093902601734490599e+04 6.270200000000000884e+00
9.099906604402935773e+04 6.280200000000000671e+00
9.105910607071380946e+04 6.280200000000000671e+00
9.111914609739827574e+04 6.290200000000000458e+00
9.117918612408272747e+04 6.300200000000000244e+00
9.123922615076717921e+04 6.300200000000000244e+00
9.129926617745164549e+04 6.300200000000000244e+00
9.135930620413609722e+04 6.290200000000000458e+00
9.141934623082054895e+04 6.290200000000000458e+00
9.147938625750501524e+04 6.290200000000000458e+00
9.153942628418945242e+04 6.290200000000000458e+00
9.159946631087391870e+04 6.290200000000000458e+00
9.165950633755838498e+04 6.290200000000000458e+00
9.171954636424282216e+04 6.290200000000000458e+00
9.177958639092728845e+04 6.290200000000000458e+00
9.183962641761175473e+04 6.300200000000000244e+00
9.189966644429619191e+04 6.290200000000000458e+00
9.195970647098065820e+04 6.290200000000000458e+00
9.201974649766512448e+04 6.290200000000000458e+00
9.207978652434956166e+04 6.290200000000000458e+00
9.213982655103402794e+04 6.290200000000000458e+00
9.219986657771847968e+04 6.290200000000000458e+00
9.225990660440293141e+04 6.290200000000000458e+00
9.231994663108739769e+04 6.300200000000000244e+00
9.237998665777184942e+04 6.300200000000000244e+00
9.244002668445630115e+04 6.300200000000000244e+00
9.250006671114076744e+04 6.300200000000000244e+00
9.256010673782521917e+04 6.300200000000000244e+00
9.262014676450967090e+04 6.300200000000000244e+00
9.268018679119413719e+04 6.310200000000000031e+00
9.274022681787858892e+04 6.310200000000000031e+00
9.280026684456304065e+04 6.310200000000000031e+00
9.286030687124750693e+04 6.320199999999999818e+00
9.292034689793195867e+04 6.320199999999999818e+00
9.298038692461641040e+04 6.320199999999999818e+00
9.304042695130087668e+04 6.320199999999999818e+00
9.310046697798532841e+04 6.320199999999999818e+00
9.316050700466978014e+04 6.320199999999999818e+00
9.322054703135424643e+04 6.320199999999999818e+00
9.328058705803869816e+04 6.320199999999999818e+00
9.334062708472314989e+04 6.310200000000000031e+00
9.340066711140761618e+04 6.310200000000000031e+00
9.346070713809206791e+04 6.310200000000000031e+00
9.352074716477651964e+04 6.310200000000000031e+00
9.358078719146098592e+04 6.310200000000000031e+00
9.364082721814542310e+04 6.300200000000000244e+00
9.370086724482988939e+04 6.300200000000000244e+00
9.376090727151435567e+04 6.300200000000000244e+00
9.382094729819879285e+04 6.300200000000000244e+00
9.388098732488325913e+04 6.300200000000000244e+00
9.394102735156772542e+04 6.310200000000000031e+00
9.400106737825216260e+04 6.300200000000000244e+00
9.406110740493662888e+04 6.310200000000000031e+00
9.412114743162109517e+04 6.310200000000000031e+00
9.418118745830553235e+04 6.310200000000000031e+00
9.424122748498999863e+04 6.310200000000000031e+00
9.430126751167445036e+04 6.300200000000000244e+00
9.436130753835890209e+04 6.300200000000000244e+00
9.442134756504336838e+04 6.300200000000000244e+00
9.448138759172782011e+04 6.290200000000000458e+00
9.454142761841227184e+04 6.290200000000000458e+00
9.460146764509673812e+04 6.290200000000000458e+00
9.466150767178118986e+04 6.280200000000000671e+00
9.472154769846564159e+04 6.280200000000000671e+00
9.478158772515010787e+04 6.280200000000000671e+00
9.484162775183455960e+04 6.280200000000000671e+00
9.490166777851901134e+04 6.280200000000000671e+00
9.496170780520347762e+04 6.280200000000000671e+00
9.502174783188792935e+04 6.280200000000000671e+00
9.508178785857238108e+04 6.270200000000000884e+00
9.514182788525684737e+04 6.270200000000000884e+00
9.520186791194129910e+04 6.270200000000000884e+00
9.526190793862575083e+04 6.260200000000001097e+00
9.532194796531021711e+04 6.260200000000001097e+00
9.538198799199466885e+04 6.260200000000001097e+00
9.544202801867912058e+04 6.260200000000001097e+00
9.550206804536358686e+04 6.260200000000001097e+00
9.556210807204803859e+04 6.250200000000000422e+00
9.562214809873249033e+04 6.250200000000000422e+00
9.568218812541695661e+04 6.240200000000000635e+00
9.574222815210139379e+04 6.240200000000000635e+00
9.580226817878586007e+04 6.240200000000000635e+00
9.586230820547032636e+04 6.240200000000000635e+00
9.592234823215476354e+04 6.230199999999999960e+00
9.598238825883922982e+04 6.230199999999999960e+00
9.604242828552369610e+04 6.230199999999999960e+00
9.610246831220813328e+04 6.230199999999999960e+00
9.616250833889259957e+04 6.220200000000000173e+00
9.622254836557706585e+04 6.220200000000000173e+00
9.628258839226150303e+04 6.220200000000000173e+00
9.634262841894596932e+04 6.220200000000000173e+00
9.640266844563042105e+04 6.220200000000000173e+00
9.646270847231487278e+04 6.220200000000000173e+00
9.652274849899933906e+04 6.220200000000000173e+00
9.658278852568379079e+04 6.220200000000000173e+00
9.664282855236824253e+04 6.220200000000000173e+00
9.670286857905270881e+04 6.220200000000000173e+00
9.676290860573716054e+04 6.210200000000000387e+00
9.682294863242161227e+04 6.210200000000000387e+00
9.688298865910607856e+04 6.210200000000000387e+00
9.694302868579053029e+04 6.200200000000000600e+00
9.700306871247498202e+04 6.200200000000000600e+00
9.706310873915944831e+04 6.190200000000000813e+00
9.712314876584390004e+04 6.190200000000000813e+00
9.718318879252835177e+04 6.180200000000001026e+00
9.724322881921281805e+04 6.180200000000001026e+00
9.730326884589726978e+04 6.170200000000000351e+00
9.736330887258172152e+04 6.160200000000000564e+00
9.742334889926618780e+04 6.160200000000000564e+00
9.748338892595063953e+04 6.160200000000000564e+00
9.754342895263509126e+04 6.160200000000000564e+00
9.760346897931955755e+04 6.160200000000000564e+00
9.766350900600400928e+04 6.160200000000000564e+00
9.772354903268846101e+04 6.160200000000000564e+00
9.778358905937292730e+04 6.150199999999999889e+00
9.784362908605737903e+04 6.150199999999999889e+00
9.790366911274183076e+04 6.150199999999999889e+00
9.796370913942628249e+04 6.150199999999999889e+00
9.802374916611074877e+04 6.140200000000000102e+00
9.808378919279520051e+04 6.140200000000000102e+00
9.814382921947965224e+04 6.130200000000000315e+00
9.820386924616411852e+04 6.130200000000000315e+00
9.826390927284857025e+04 6.120200000000000529e+00
9.832394929953302199e+04 6.120200000000000529e+00
9.838398932621748827e+04 6.110200000000000742e+00
9.844402935290194000e+04 6.110200000000000742e+00
9.850406937958639173e+04 6.110200000000000742e+00
9.856410940627085802e+04 6.110200000000000742e+00
9.862414943295530975e+04 6.100200000000000955e+00
9.868418945963976148e+04 6.090200000000000280e+00
9.874422948632421321e+04 6.080200000000000493e+00
9.880426951300867950e+04 6.070199999999999818e+00
9.886430953969313123e+04 6.070199999999999818e+00
9.892434956637758296e+04 6.060200000000000031e+00
9.898438959306204924e+04 6.050200000000000244e+00
9.904442961974650098e+04 6.050200000000000244e+00
9.910446964643095271e+04 6.050200000000000244e+00
9.916450967311541899e+04 6.050200000000000244e+00
9.922454969979987072e+04 6.040200000000000458e+00
9.928458972648432245e+04 6.040200000000000458e+00
9.934462975316878874e+04 6.030200000000000671e+00
9.940466977985324047e+04 6.020200000000000884e+00
9.946470980653769220e+04 6.020200000000000884e+00
9.952474983322215849e+04 6.010200000000001097e+00
9.958478985990661022e+04 6.010200000000001097e+00
9.964482988659106195e+04 6.010200000000001097e+00
9.970486991327552823e+04 6.000200000000000422e+00
9.976490993995997997e+04 6.000200000000000422e+00
9.982494996664443170e+04 5.990200000000000635e+00
9.988498999332888343e+04 5.990200000000000635e+00
9.994503002001334971e+04 5.990200000000000635e+00
1.000050700466978014e+05 5.980199999999999960e+00
1.000651100733822532e+05 5.980199999999999960e+00
1.001251501000667195e+05 5.980199999999999960e+00
1.001851901267511712e+05 5.980199999999999960e+00
1.002452301534356229e+05 5.980199999999999960e+00
1.003052701801200892e+05 5.980199999999999960e+00
1.003653102068045409e+05 5.970200000000000173e+00
1.004253502334889927e+05 5.970200000000000173e+00
1.004853902601734590e+05 5.950200000000000600e+00
1.005454302868579107e+05 5.940200000000000813e+00
1.006054703135423624e+05 5.940200000000000813e+00
1.006655103402268287e+05 5.930200000000001026e+00
1.007255503669112804e+05 5.930200000000001026e+00
1.007855903935957322e+05 5.920200000000000351e+00
1.008456304202801839e+05 5.910200000000000564e+00
1.009056704469646502e+05 5.910200000000000564e+00
1.009657104736491019e+05 5.900199999999999889e+00
1.010257505003335536e+05 5.890200000000000102e+00
1.010857905270180199e+05 5.880200000000000315e+00
1.011458305537024717e+05 5.870200000000000529e+00
1.012058705803869234e+05 5.860200000000000742e+00
1.012659106070713897e+05 5.850200000000000955e+00
1.013259506337558414e+05 5.850200000000000955e+00
1.013859906604402931e+05 5.840200000000000280e+00
1.014460306871247594e+05 5.830200000000000493e+00
1.015060707138092112e+05 5.820199999999999818e+00
1.015661107404936629e+05 5.810200000000000031e+00
1.016261507671781292e+05 5.810200000000000031e+00
1.016861907938625809e+05 5.810200000000000031e+00
1.017462308205470326e+05 5.800200000000000244e+00
1.018062708472314989e+05 5.800200000000000244e+00
1.018663108739159507e+05 5.790200000000000458e+00
1.019263509006004024e+05 5.780200000000000671e+00
1.019863909272848541e+05 5.780200000000000671e+00
1.020464309539693204e+05 5.770200000000000884e+00
1.021064709806537721e+05 5.760200000000001097e+00
1.021665110073382239e+05 5.760200000000001097e+00
1.022265510340226901e+05 5.750200000000000422e+00
1.022865910607071419e+05 5.740200000000000635e+00
1.023466310873915936e+05 5.740200000000000635e+00
1.024066711140760599e+05 5.730199999999999960e+00
1.024667111407605116e+05 5.720200000000000173e+00
1.025267511674449634e+05 5.720200000000000173e+00
1.025867911941294296e+05 5.720200000000000173e+00
1.026468312208138814e+05 5.710200000000000387e+00
1.027068712474983331e+05 5.710200000000000387e+00
1.027669112741827994e+05 5.700200000000000600e+00
1.028269513008672511e+05 5.690200000000000813e+00
1.028869913275517029e+05 5.690200000000000813e+00
1.029470313542361546e+05 5.680200000000001026e+00
1.030070713809206209e+05 5.680200000000001026e+00
1.030671114076050726e+05 5.670200000000000351e+00
1.031271514342895243e+05 5.660200000000000564e+00
1.031871914609739906e+05 5.650199999999999889e+00
1.032472314876584423e+05 5.640200000000000102e+00
1.033072715143428941e+05 5.630200000000000315e+00
1.033673115410273604e+05 5.630200000000000315e+00
1.034273515677118121e+05 5.630200000000000315e+00
1.034873915943962638e+05 5.620200000000000529e+00
1.035474316210807301e+05 5.620200000000000529e+00
1.036074716477651818e+05 5.610200000000000742e+00
1.036675116744496336e+05 5.610200000000000742e+00
1.037275517011340999e+05 5.600200000000000955e+00
1.037875917278185516e+05 5.600200000000000955e+00
1.038476317545030033e+05 5.600200000000000955e+00
1.039076717811874696e+05 5.600200000000000955e+00
1.039677118078719213e+05 5.590200000000000280e+00
1.040277518345563731e+05 5.590200000000000280e+00
1.040877918612408248e+05 5.580200000000000493e+00
1.041478318879252911e+05 5.570199999999999818e+00
1.042078719146097428e+05 5.570199999999999818e+00
1.042679119412941945e+05 5.560200000000000031e+00
1.043279519679786608e+05 5.560200000000000031e+00
1.043879919946631126e+05 5.550200000000000244e+00
1.044480320213475643e+05 5.550200000000000244e+00
1.045080720480320306e+05 5.540200000000000458e+00
1.045681120747164823e+05 5.540200000000000458e+00
1.046281521014009340e+05 5.530200000000000671e+00
1.046881921280854003e+05 5.530200000000000671e+00
1.047482321547698521e+05 5.530200000000000671e+00
1.048082721814543038e+05 5.530200000000000671e+00
1.048683122081387701e+05 5.520200000000000884e+00
1.049283522348232218e+05 5.520200000000000884e+00
1.049883922615076735e+05 5.500200000000000422e+00
1.050484322881921253e+05 5.490200000000000635e+00
1.051084723148765916e+05 5.480199999999999960e+00
1.051685123415610433e+05 5.470200000000000173e+00
1.052285523682454950e+05 5.470200000000000173e+00
1.052885923949299613e+05 5.470200000000000173e+00
1.053486324216144130e+05 5.460200000000000387e+00
1.054086724482988648e+05 5.450200000000000600e+00
1.054687124749833310e+05 5.450200000000000600e+00
1.055287525016677828e+05 5.440200000000000813e+00
1.055887925283522345e+05 5.430200000000000138e+00
1.056488325550367008e+05 5.430200000000000138e+00
1.057088725817211525e+05 5.420200000000000351e+00
1.057689126084056043e+05 5.400200000000000777e+00
1.058289526350900705e+05 5.400200000000000777e+00
1.058889926617745223e+05 5.390200000000000102e+00
1.059490326884589740e+05 5.380200000000000315e+00
1.060090727151434403e+05 5.370200000000000529e+00
1.060691127418278920e+05 5.360200000000000742e+00
1.061291527685123438e+05 5.350200000000000955e+00
1.061891927951967955e+05 5.350200000000000955e+00
1.062492328218812618e+05 5.350200000000000955e+00
1.063092728485657135e+05 5.340200000000000280e+00
1.063693128752501652e+05 5.330200000000000493e+00
1.064293529019346315e+05 5.320200000000000706e+00
1.064893929286190832e+05 5.320200000000000706e+00
1.065494329553035350e+05 5.310200000000000031e+00
1.066094729819880013e+05 5.310200000000000031e+00
1.066695130086724530e+05 5.300200000000000244e+00
1.067295530353569047e+05 5.290200000000000458e+00
1.067895930620413710e+05 5.280200000000000671e+00
1.068496330887258227e+05 5.280200000000000671e+00
1.069096731154102745e+05 5.270200000000000884e+00
1.069697131420947408e+05 5.260200000000000209e+00
1.070297531687791925e+05 5.250200000000000422e+00
1.070897931954636442e+05 5.250200000000000422e+00
1.071498332221480960e+05 5.250200000000000422e+00
1.072098732488325622e+05 5.240200000000000635e+00
1.072699132755170140e+05 5.230199999999999960e+00
1.073299533022014657e+05 5.230199999999999960e+00
1.073899933288859320e+05 5.230199999999999960e+00
1.074500333555703837e+05 5.220200000000000173e+00
1.075100733822548355e+05 5.210200000000000387e+00
1.075701134089393017e+05 5.210200000000000387e+00
1.076301534356237535e+05 5.200200000000000600e+00
1.076901934623082052e+05 5.190200000000000813e+00
1.077502334889926715e+05 5.180200000000000138e+00
1.078102735156771232e+05 5.170200000000000351e+00
1.078703135423615749e+05 5.160200000000000564e+00
1.079303535690460412e+05 5.150200000000000777e+00
1.079903935957304930e+05 5.150200000000000777e+00
1.080504336224149447e+05 5.140200000000000102e+00
1.081104736490994110e+05 5.140200000000000102e+00
1.081705136757838627e+05 5.130200000000000315e+00
1.082305537024683144e+05 5.120200000000000529e+00
1.082905937291527662e+05 5.110200000000000742e+00
1.083506337558372325e+05 5.100200000000000955e+00
1.084106737825216842e+05 5.090200000000000280e+00
1.084707138092061359e+05 5.080200000000000493e+00
1.085307538358906022e+05 5.070200000000000706e+00
1.085907938625750539e+05 5.070200000000000706e+00
1.086508338892595057e+05 5.060200000000000031e+00
1.087108739159439720e+05 5.050200000000000244e+00
1.087709139426284237e+05 5.050200000000000244e+00
1.088309539693128754e+05 5.040200000000000458e+00
1.088909939959973417e+05 5.030200000000000671e+00
1.089510340226817934e+05 5.030200000000000671e+00
1.090110740493662452e+05 5.020200000000000884e+00
1.090711140760507114e+05 5.020200000000000884e+00
1.091311541027351632e+05 5.010200000000000209e+00
1.091911941294196149e+05 5.000200000000000422e+00
1.092512341561040666e+05 5.000200000000000422e+00
1.093112741827885329e+05 4.990200000000000635e+00
1.093713142094729847e+05 4.980199999999999960e+00
1.094313542361574364e+05 4.980199999999999960e+00
1.094913942628419027e+05 4.970200000000000173e+00
1.095514342895263544e+05 4.970200000000000173e+00
1.096114743162108061e+05 4.960200000000000387e+00
1.096715143428952724e+05 4.950200000000000600e+00
1.097315543695797242e+05 4.950200000000000600e+00
1.097915943962641759e+05 4.940200000000000813e+00
1.098516344229486422e+05 4.930200000000000138e+00
1.099116744496330939e+05 4.920200000000000351e+00
1.099717144763175456e+05 4.920200000000000351e+00
1.100317545030020119e+05 4.910200000000000564e+00
1.100917945296864636e+05 4.910200000000000564e+00
1.101518345563709154e+05 4.900200000000000777e+00
1.102118745830553817e+05 4.890200000000000102e+00
1.102719146097398334e+05 4.880200000000000315e+00
1.103319546364242851e+05 4.880200000000000315e+00
1.103919946631087369e+05 4.870200000000000529e+00
1.104520346897932031e+05 4.870200000000000529e+00
1.105120747164776549e+05 4.860200000000000742e+00
1.105721147431621066e+05 4.850200000000000955e+00
1.106321547698465729e+05 4.840200000000000280e+00
1.106921947965310246e+05 4.830200000000000493e+00
1.107522348232154764e+05 4.820200000000000706e+00
1.108122748498999426e+05 4.810200000000000031e+00
1.108723148765843944e+05 4.800200000000000244e+00
1.109323549032688461e+05 4.800200000000000244e+00
1.109923949299533124e+05 4.790200000000000458e+00
1.110524349566377641e+05 4.790200000000000458e+00
1.111124749833222158e+05 4.780200000000000671e+00
1.111725150100066821e+05 4.780200000000000671e+00
1.112325550366911339e+05 4.780200000000000671e+00
1.112925950633755856e+05 4.770200000000000884e+00
1.113526350900600519e+05 4.770200000000000884e+00
1.114126751167445036e+05 4.760200000000000209e+00
1.114727151434289553e+05 4.750200000000000422e+00
1.115327551701134071e+05 4.750200000000000422e+00
1.115927951967978734e+05 4.740200000000000635e+00
1.116528352234823251e+05 4.740200000000000635e+00
1.117128752501667768e+05 4.740200000000000635e+00
1.117729152768512431e+05 4.730199999999999960e+00
1.118329553035356948e+05 4.720200000000000173e+00
1.118929953302201466e+05 4.720200000000000173e+00
1.119530353569046129e+05 4.710200000000000387e+00
1.120130753835890646e+05 4.700200000000000600e+00
1.120731154102735163e+05 4.700200000000000600e+00
1.121331554369579826e+05 4.690200000000000813e+00
1.121931954636424343e+05 4.690200000000000813e+00
1.122532354903268861e+05 4.680200000000000138e+00
1.123132755170113523e+05 4.680200000000000138e+00
1.123733155436958041e+05 4.670200000000000351e+00
1.124333555703802558e+05 4.670200000000000351e+00
1.124933955970647075e+05 4.670200000000000351e+00
1.125534356237491738e+05 4.660200000000000564e+00
1.126134756504336256e+05 4.660200000000000564e+00
1.126735156771180773e+05 4.660200000000000564e+00
1.127335557038025436e+05 4.650200000000000777e+00
1.127935957304869953e+05 4.640200000000000102e+00
1.128536357571714470e+05 4.640200000000000102e+00
1.129136757838559133e+05 4.630200000000000315e+00
1.129737158105403651e+05 4.620200000000000529e+00
1.130337558372248168e+05 4.610200000000000742e+00
1.130937958639092831e+05 4.610200000000000742e+00
1.131538358905937348e+05 4.610200000000000742e+00
1.132138759172781865e+05 4.600200000000000955e+00
1.132739159439626528e+05 4.590200000000000280e+00
1.133339559706471046e+05 4.590200000000000280e+00
1.133939959973315563e+05 4.590200000000000280e+00
1.134540360240160226e+05 4.580200000000000493e+00
1.135140760507004743e+05 4.570200000000000706e+00
1.135741160773849260e+05 4.570200000000000706e+00
1.136341561040693778e+05 4.560200000000000031e+00
1.136941961307538440e+05 4.560200000000000031e+00
1.137542361574382958e+05 4.550200000000000244e+00
1.138142761841227475e+05 4.550200000000000244e+00
1.138743162108072138e+05 4.550200000000000244e+00
1.139343562374916655e+05 4.540200000000000458e+00
1.139943962641761173e+05 4.530200000000000671e+00
1.140544362908605835e+05 4.530200000000000671e+00
1.141144763175450353e+05 4.530200000000000671e+00
1.141745163442294870e+05 4.530200000000000671e+00
1.142345563709139533e+05 4.520200000000000884e+00
1.142945963975984050e+05 4.520200000000000884e+00
1.143546364242828568e+05 4.510200000000000209e+00
1.144146764509673230e+05 4.510200000000000209e+00
1.144747164776517748e+05 4.510200000000000209e+00
1.145347565043362265e+05 4.500200000000000422e+00
1.145947965310206782e+05 4.500200000000000422e+00
1.146548365577051445e+05 4.500200000000000422e+00
1.147148765843895962e+05 4.500200000000000422e+00
1.147749166110740480e+05 4.490200000000000635e+00
1.148349566377585143e+05 4.490200000000000635e+00
1.148949966644429660e+05 4.480199999999999960e+00
1.149550366911274177e+05 4.480199999999999960e+00
1.150150767178118840e+05 4.480199999999999960e+00
1.150751167444963357e+05 4.470200000000000173e+00
1.151351567711807875e+05 4.470200000000000173e+00
1.151951967978652538e+05 4.470200000000000173e+00
1.152552368245497055e+05 4.460200000000000387e+00
1.153152768512341572e+05 4.460200000000000387e+00
1.153753168779186235e+05 4.460200000000000387e+00
1.154353569046030752e+05 4.460200000000000387e+00
1.154953969312875270e+05 4.450200000000000600e+00
1.155554369579719933e+05 4.450200000000000600e+00
1.156154769846564450e+05 4.450200000000000600e+00
1.156755170113408967e+05 4.450200000000000600e+00
1.157355570380253484e+05 4.450200000000000600e+00
1.157955970647098147e+05 4.450200000000000600e+00
1.158556370913942665e+05 4.440200000000000813e+00
1.159156771180787182e+05 4.440200000000000813e+00
1.159757171447631845e+05 4.430200000000000138e+00
1.160357571714476362e+05 4.420200000000000351e+00
1.160957971981320879e+05 4.420200000000000351e+00
1.161558372248165542e+05 4.410200000000000564e+00
1.162158772515010060e+05 4.410200000000000564e+00
1.162759172781854577e+05 4.410200000000000564e+00
1.163359573048699240e+05 4.410200000000000564e+00
1.163959973315543757e+05 4.410200000000000564e+00
1.164560373582388274e+05 4.410200000000000564e+00
1.165160773849232937e+05 4.400200000000000777e+00
1.165761174116077455e+05 4.400200000000000777e+00
1.166361574382921972e+05 4.400200000000000777e+00
1.166961974649766489e+05 4.400200000000000777e+00
1.167562374916611152e+05 4.400200000000000777e+00
1.168162775183455669e+05 4.400200000000000777e+00
1.168763175450300187e+05 4.400200000000000777e+00
1.169363575717144849e+05 4.390200000000000102e+00
1.169963975983989367e+05 4.390200000000000102e+00
1.170564376250833884e+05 4.390200000000000102e+00
1.171164776517678547e+05 4.390200000000000102e+00
1.171765176784523064e+05 4.390200000000000102e+00
1.172365577051367582e+05 4.390200000000000102e+00
1.172965977318212244e+05 4.390200000000000102e+00
1.173566377585056762e+05 4.390200000000000102e+00
1.174166777851901279e+05 4.390200000000000102e+00
1.174767178118745942e+05 4.390200000000000102e+00
1.175367578385590459e+05 4.380200000000000315e+00
1.175967978652434977e+05 4.390200000000000102e+00
1.176568378919279639e+05 4.380200000000000315e+00
1.177168779186124157e+05 4.380200000000000315e+00
1.177769179452968674e+05 4.380200000000000315e+00
1.178369579719813191e+05 4.380200000000000315e+00
1.178969979986657854e+05 4.390200000000000102e+00
1.179570380253502371e+05 4.380200000000000315e+00
1.180170780520346889e+05 4.390200000000000102e+00
1.180771180787191552e+05 4.390200000000000102e+00
1.181371581054036069e+05 4.390200000000000102e+00
1.181971981320880586e+05 4.390200000000000102e+00
1.182572381587725249e+05 4.390200000000000102e+00
1.183172781854569766e+05 4.400200000000000777e+00
1.183773182121414284e+05 4.400200000000000777e+00
1.184373582388258947e+05 4.400200000000000777e+00
1.184973982655103464e+05 4.400200000000000777e+00
1.185574382921947981e+05 4.400200000000000777e+00
1.186174783188792644e+05 4.400200000000000777e+00
1.186775183455637161e+05 4.400200000000000777e+00
1.187375583722481679e+05 4.400200000000000777e+00
1.187975983989326196e+05 4.400200000000000777e+00
1.188576384256170859e+05 4.400200000000000777e+00
1.189176784523015376e+05 4.400200000000000777e+00
1.189777184789859893e+05 4.400200000000000777e+00
1.190377585056704556e+05 4.400200000000000777e+00
1.190977985323549074e+05 4.400200000000000777e+00
1.191578385590393591e+05 4.410200000000000564e+00
1.192178785857238254e+05 4.410200000000000564e+00
1.192779186124082771e+05 4.410200000000000564e+00
1.193379586390927288e+05 4.410200000000000564e+00
1.193979986657771951e+05 4.420200000000000351e+00
1.194580386924616469e+05 4.430200000000000138e+00
1.195180787191460986e+05 4.430200000000000138e+00
1.195781187458305649e+05 4.430200000000000138e+00
1.196381587725150166e+05 4.430200000000000138e+00
1.196981987991994683e+05 4.430200000000000138e+00
1.197582388258839346e+05 4.440200000000000813e+00
1.198182788525683864e+05 4.440200000000000813e+00
1.198783188792528381e+05 4.440200000000000813e+00
1.199383589059372898e+05 4.450200000000000600e+00
1.199983989326217561e+05 4.450200000000000600e+00
1.200584389593062078e+05 4.460200000000000387e+00
1.201184789859906596e+05 4.460200000000000387e+00
1.201785190126751259e+05 4.460200000000000387e+00
1.202385590393595776e+05 4.460200000000000387e+00
1.202985990660440293e+05 4.470200000000000173e+00
1.203586390927284956e+05 4.470200000000000173e+00
1.204186791194129473e+05 4.470200000000000173e+00
1.204787191460973991e+05 4.470200000000000173e+00
1.205387591727818653e+05 4.470200000000000173e+00
1.205987991994663171e+05 4.470200000000000173e+00
1.206588392261507688e+05 4.470200000000000173e+00
1.207188792528352351e+05 4.470200000000000173e+00
1.207789192795196868e+05 4.480199999999999960e+00
1.208389593062041386e+05 4.480199999999999960e+00
1.208989993328886048e+05 4.480199999999999960e+00
1.209590393595730566e+05 4.480199999999999960e+00
1.210190793862575083e+05 4.490200000000000635e+00
1.210791194129419600e+05 4.490200000000000635e+00
1.211391594396264263e+05 4.500200000000000422e+00
1.211991994663108781e+05 4.510200000000000209e+00
1.212592394929953298e+05 4.510200000000000209e+00
1.213192795196797961e+05 4.520200000000000884e+00
1.213793195463642478e+05 4.530200000000000671e+00
1.214393595730486995e+05 4.540200000000000458e+00
1.214993995997331658e+05 4.540200000000000458e+00
1.215594396264176175e+05 4.550200000000000244e+00
1.216194796531020693e+05 4.550200000000000244e+00
1.216795196797865356e+05 4.550200000000000244e+00
1.217395597064709873e+05 4.550200000000000244e+00
1.217995997331554390e+05 4.560200000000000031e+00
1.218596397598399053e+05 4.560200000000000031e+00
1.219196797865243570e+05 4.570200000000000706e+00
1.219797198132088088e+05 4.570200000000000706e+00
1.220397598398932605e+05 4.580200000000000493e+00
1.220997998665777268e+05 4.590200000000000280e+00
1.221598398932621785e+05 4.590200000000000280e+00
1.222198799199466303e+05 4.600200000000000955e+00
1.222799199466310965e+05 4.600200000000000955e+00
1.223399599733155483e+05 4.600200000000000955e+00
1.224000000000000000e+05 4.600200000000000955e+00
