   0.0000000e+00  -1.1243553e-01
   1.0000000e+00  -1.8979387e-01
   2.0000000e+00  -2.0000787e-01
   3.0000000e+00  -2.6656663e-02
   4.0000000e+00  -2.3788245e-02
   5.0000000e+00   3.4370312e-01
   6.0000000e+00   4.0896649e-01
   7.0000000e+00  -3.2346460e-01
   8.0000000e+00  -2.8403081e-01
   9.0000000e+00   3.6402116e-02
   1.0000000e+01   1.9363208e-01
   1.1000000e+01  -3.0914353e-01
   1.2000000e+01  -3.1508980e-01
   1.3000000e+01   1.9275618e-01
   1.4000000e+01   7.3358594e-01
   1.5000000e+01   4.5186701e-01
   1.6000000e+01  -5.0905030e-01
   1.7000000e+01  -1.0361859e+00
   1.8000000e+01   6.6382370e-02
   1.9000000e+01   3.5122902e-01
   2.0000000e+01   6.0915653e-01
   2.1000000e+01   2.9676240e-01
   2.2000000e+01  -3.7408038e-01
   2.3000000e+01  -1.0408927e+00
   2.4000000e+01   1.6868833e-01
   2.5000000e+01   5.8585754e-01
   2.6000000e+01   8.1523629e-01
   2.7000000e+01   1.6570731e-01
   2.8000000e+01  -1.2614415e+00
   2.9000000e+01  -4.0430229e-01
   3.0000000e+01  -6.7540008e-03
   3.1000000e+01   1.7284794e-01
   3.2000000e+01   8.3553281e-01
   3.3000000e+01   7.2056183e-01
   3.4000000e+01  -8.7901163e-02
   3.5000000e+01  -9.6702679e-01
   3.6000000e+01  -9.7240818e-01
   3.7000000e+01   2.7296100e-01
   3.8000000e+01   6.0229133e-01
   3.9000000e+01   3.4146134e-01
   4.0000000e+01   5.6763405e-02
   4.1000000e+01   1.6859580e-01
   4.2000000e+01  -3.1446569e-03
   4.3000000e+01  -5.9096823e-01
   4.4000000e+01  -2.0207733e-01
   4.5000000e+01   1.4397126e-01
   4.6000000e+01  -2.6263185e-01
   4.7000000e+01   3.2019594e-01
   4.8000000e+01   6.5526726e-01
   4.9000000e+01   1.1301518e-01
   5.0000000e+01  -4.5161792e-01
   5.1000000e+01  -4.5634321e-01
   5.2000000e+01  -3.9196778e-01
   5.3000000e+01   4.3751115e-01
   5.4000000e+01   7.9456108e-01
   5.5000000e+01  -1.9207879e-01
   5.6000000e+01  -3.3247079e-01
   5.7000000e+01  -1.2958934e-01
   5.8000000e+01  -2.2830431e-01
   5.9000000e+01   1.3023386e-01
   6.0000000e+01   2.8534554e-02
   6.1000000e+01   4.0363312e-01
   6.2000000e+01   2.6724661e-01
   6.3000000e+01  -9.7546156e-03
   6.4000000e+01  -5.8901435e-01
   6.5000000e+01  -4.9115626e-01
   6.6000000e+01  -5.1687626e-02
   6.7000000e+01   5.8686581e-01
   6.8000000e+01   2.9541002e-01
   6.9000000e+01   2.2363517e-01
   7.0000000e+01   2.6603350e-03
   7.1000000e+01  -1.8995114e-01
   7.2000000e+01  -5.3250259e-01
   7.3000000e+01  -4.5304215e-01
   7.4000000e+01   3.0732801e-01
   7.5000000e+01   3.8720775e-01
   7.6000000e+01   3.3189564e-01
   7.7000000e+01   3.0112664e-01
   7.8000000e+01  -2.5822691e-01
   7.9000000e+01  -7.5933003e-01
   8.0000000e+01   1.4152359e-01
   8.1000000e+01   1.3469073e-01
   8.2000000e+01   5.9515162e-02
   8.3000000e+01   4.5544093e-02
   8.4000000e+01  -3.1301533e-02
   8.5000000e+01   2.6772308e-01
   8.6000000e+01   2.2622865e-01
   8.7000000e+01  -3.5366336e-01
   8.8000000e+01  -5.1541076e-01
   8.9000000e+01   1.6431319e-01
   9.0000000e+01   5.0366183e-02
   9.1000000e+01   2.0145157e-01
   9.2000000e+01   4.8183109e-01
   9.3000000e+01   1.1086575e-01
   9.4000000e+01  -6.0634575e-01
   9.5000000e+01  -5.7899154e-01
   9.6000000e+01   5.5904125e-03
   9.7000000e+01   7.2687254e-01
   9.8000000e+01   1.7201078e-01
   9.9000000e+01   1.5656802e-01
   1.0000000e+02  -4.4067516e-01
   1.0100000e+02  -7.1413481e-02
   1.0200000e+02   3.9618031e-02
   1.0300000e+02  -1.5282978e-01
   1.0400000e+02  -2.0300703e-01
   1.0500000e+02   8.4318658e-02
   1.0600000e+02   4.4409596e-01
   1.0700000e+02   4.8513889e-01
   1.0800000e+02  -8.4060718e-02
   1.0900000e+02  -7.2336861e-01
   1.1000000e+02  -5.2511655e-01
   1.1100000e+02   1.1175660e-01
   1.1200000e+02   6.7253560e-01
   1.1300000e+02   4.8876498e-01
   1.1400000e+02  -2.1945321e-01
   1.1500000e+02  -3.2038012e-01
   1.1600000e+02  -1.9777818e-01
   1.1700000e+02  -1.4618316e-01
   1.1800000e+02  -2.7316415e-01
   1.1900000e+02   6.7784654e-01
   1.2000000e+02   4.8761705e-01
   1.2100000e+02  -1.1968665e-01
   1.2200000e+02  -5.9643862e-01
   1.2300000e+02  -3.4706648e-01
   1.2400000e+02   3.2992425e-01
   1.2500000e+02   9.6667245e-02
   1.2600000e+02  -3.9197427e-02
   1.2700000e+02   6.7909250e-02
   1.2800000e+02   6.7902432e-01
   1.2900000e+02  -2.9304880e-01
   1.3000000e+02  -9.3943708e-01
   1.3100000e+02  -1.5149700e-01
   1.3200000e+02   9.2249734e-01
   1.3300000e+02   3.0792371e-01
   1.3400000e+02  -2.6351277e-01
   1.3500000e+02  -6.0347007e-01
   1.3600000e+02   1.3587574e-01
   1.3700000e+02   4.9918720e-01
   1.3800000e+02  -2.0497240e-01
   1.3900000e+02  -4.3675157e-01
   1.4000000e+02   1.8622573e-01
   1.4100000e+02   5.6902093e-01
   1.4200000e+02   1.4070668e-01
   1.4300000e+02  -5.5732910e-01
   1.4400000e+02  -4.9631128e-01
   1.4500000e+02  -8.8650477e-03
   1.4600000e+02   6.1134823e-01
   1.4700000e+02   2.9625817e-01
   1.4800000e+02  -5.9887056e-02
   1.4900000e+02  -4.6210459e-01
   1.5000000e+02   1.8381081e-01
   1.5100000e+02   3.4080265e-01
   1.5200000e+02  -3.7007165e-01
   1.5300000e+02  -7.2563816e-01
   1.5400000e+02  -9.6274861e-04
   1.5500000e+02   7.9220803e-01
   1.5600000e+02   8.4643005e-01
   1.5700000e+02  -1.9471428e-01
   1.5800000e+02  -7.7938409e-01
   1.5900000e+02  -6.7851950e-01
   1.6000000e+02   2.7702568e-01
   1.6100000e+02   6.9649334e-01
   1.6200000e+02   2.2782127e-01
   1.6300000e+02  -5.4223489e-01
   1.6400000e+02  -4.7652501e-01
   1.6500000e+02   1.1962474e-01
   1.6600000e+02   9.2032656e-01
   1.6700000e+02   2.7583615e-01
   1.6800000e+02  -5.0222206e-01
   1.6900000e+02  -4.1340045e-01
   1.7000000e+02  -3.2440626e-01
   1.7100000e+02  -7.6143888e-02
   1.7200000e+02   1.9030778e-01
   1.7300000e+02   6.7825866e-01
   1.7400000e+02   8.7591245e-02
   1.7500000e+02  -3.1251827e-01
   1.7600000e+02   2.4464816e-01
   1.7700000e+02   1.8057617e-02
   1.7800000e+02  -4.4502278e-01
   1.7900000e+02  -5.6947493e-01
   1.8000000e+02  -1.6886062e-01
   1.8100000e+02   7.5161807e-01
   1.8200000e+02   7.9016611e-01
   1.8300000e+02  -3.0027664e-01
   1.8400000e+02  -3.6800612e-01
   1.8500000e+02   8.2426352e-02
   1.8600000e+02   9.7594883e-02
   1.8700000e+02  -3.6347822e-01
   1.8800000e+02  -8.0760720e-01
   1.8900000e+02   3.9328967e-01
   1.9000000e+02   8.0409691e-01
   1.9100000e+02   5.4459557e-01
   1.9200000e+02  -1.6944784e-01
   1.9300000e+02  -3.3150728e-01
   1.9400000e+02  -9.9720538e-01
   1.9500000e+02  -2.2256986e-01
   1.9600000e+02   7.4485917e-01
   1.9700000e+02   8.3464554e-01
   1.9800000e+02   1.5387887e-01
   1.9900000e+02  -7.2793026e-01
   2.0000000e+02  -7.9419848e-01
   2.0100000e+02  -1.4439489e-01
   2.0200000e+02   8.0931403e-01
   2.0300000e+02   1.0606845e+00
   2.0400000e+02  -2.3557574e-01
   2.0500000e+02  -1.0690641e+00
   2.0600000e+02  -4.0371422e-01
   2.0700000e+02   4.7493480e-01
   2.0800000e+02   2.9569684e-01
   2.0900000e+02  -2.3948026e-01
   2.1000000e+02   3.9189418e-01
   2.1100000e+02   8.5445130e-02
   2.1200000e+02  -1.9361207e-01
   2.1300000e+02  -3.3348091e-01
   2.1400000e+02  -6.5420620e-02
   2.1500000e+02   3.2875299e-01
   2.1600000e+02   3.7771629e-01
   2.1700000e+02  -3.3819056e-01
   2.1800000e+02  -2.8749407e-01
   2.1900000e+02  -1.8407421e-01
   2.2000000e+02   1.7909077e-01
   2.2100000e+02   1.5342298e-01
   2.2200000e+02   2.0840800e-01
   2.2300000e+02   2.8013370e-01
   2.2400000e+02  -1.0386024e-01
   2.2500000e+02  -1.4640936e-01
   2.2600000e+02  -3.8270151e-01
   2.2700000e+02  -3.5605803e-01
   2.2800000e+02   1.6451482e-01
   2.2900000e+02   1.4754263e-01
   2.3000000e+02   2.6006201e-01
   2.3100000e+02   5.4800898e-01
   2.3200000e+02   5.6535216e-03
   2.3300000e+02  -2.7756338e-01
   2.3400000e+02  -4.4326031e-01
   2.3500000e+02  -3.8413761e-01
   2.3600000e+02   8.8687577e-02
   2.3700000e+02   1.9163589e-01
   2.3800000e+02   3.0934754e-01
   2.3900000e+02   2.0936285e-01
   2.4000000e+02   2.8100158e-01
   2.4100000e+02  -3.1081355e-01
   2.4200000e+02  -5.4951710e-01
   2.4300000e+02   1.0835508e-02
   2.4400000e+02   4.3331251e-01
   2.4500000e+02   6.0120005e-03
   2.4600000e+02  -4.7755496e-01
   2.4700000e+02  -2.6653282e-01
   2.4800000e+02   6.7822667e-01
   2.4900000e+02   8.3719913e-01
   2.5000000e+02  -1.8282975e-01
   2.5100000e+02  -9.5251902e-01
   2.5200000e+02  -6.3990609e-01
   2.5300000e+02   4.2573426e-01
   2.5400000e+02   2.8406027e-01
   2.5500000e+02   4.6941719e-02
   2.5600000e+02   7.7517184e-01
   2.5700000e+02   3.9149026e-01
   2.5800000e+02  -8.4132845e-01
   2.5900000e+02  -9.6896459e-01
   2.6000000e+02  -2.0156519e-01
   2.6100000e+02   6.3805713e-01
   2.6200000e+02   7.7875909e-01
   2.6300000e+02  -1.8493077e-01
   2.6400000e+02  -3.1806751e-01
   2.6500000e+02   2.1863670e-01
   2.6600000e+02   2.7569545e-01
   2.6700000e+02   5.4267144e-02
   2.6800000e+02  -8.3506796e-01
   2.6900000e+02  -8.9927929e-01
   2.7000000e+02   3.6641760e-01
   2.7100000e+02   1.2732867e+00
   2.7200000e+02   8.3512424e-01
   2.7300000e+02  -4.9134841e-01
   2.7400000e+02  -1.0040570e+00
   2.7500000e+02  -4.3739474e-01
   2.7600000e+02  -5.9783566e-03
   2.7700000e+02   7.9902690e-01
   2.7800000e+02   2.8579640e-01
   2.7900000e+02  -3.7340191e-01
   2.8000000e+02   1.2211688e-01
   2.8100000e+02  -2.8303177e-02
   2.8200000e+02  -2.0812570e-01
   2.8300000e+02   1.2223864e-01
   2.8400000e+02  -5.1711007e-02
   2.8500000e+02  -4.4194990e-01
   2.8600000e+02  -8.9373627e-03
   2.8700000e+02   9.0521398e-01
   2.8800000e+02   2.4712603e-01
   2.8900000e+02  -2.1494463e-01
   2.9000000e+02  -5.2919741e-01
   2.9100000e+02  -5.3787788e-01
   2.9200000e+02  -1.9589596e-01
   2.9300000e+02   5.1255956e-01
   2.9400000e+02   6.1220209e-01
   2.9500000e+02   4.2818332e-01
   2.9600000e+02  -2.0263504e-01
   2.9700000e+02  -5.8548516e-01
   2.9800000e+02  -2.6493887e-01
   2.9900000e+02  -2.3299482e-01
   3.0000000e+02   1.1525473e-01
   3.0100000e+02   6.1576314e-01
   3.0200000e+02  -2.3295381e-01
   3.0300000e+02   2.1360383e-01
   3.0400000e+02   5.2887278e-01
   3.0500000e+02  -4.0086432e-01
   3.0600000e+02  -8.2016499e-01
   3.0700000e+02  -1.8617538e-01
   3.0800000e+02   3.9403568e-01
   3.0900000e+02   6.6724177e-01
   3.1000000e+02   1.5929158e-01
   3.1100000e+02  -4.2810292e-01
   3.1200000e+02  -1.5320044e-01
   3.1300000e+02  -1.6479544e-01
   3.1400000e+02   6.7735574e-03
   3.1500000e+02   3.6144313e-01
   3.1600000e+02  -1.3617007e-01
   3.1700000e+02   1.9602722e-01
   3.1800000e+02  -3.1842251e-01
   3.1900000e+02  -2.8062402e-01
   3.2000000e+02   3.7194136e-01
   3.2100000e+02   3.9115251e-01
   3.2200000e+02  -1.7034640e-02
   3.2300000e+02  -1.6439499e-01
   3.2400000e+02  -5.5253409e-01
   3.2500000e+02  -3.3437155e-01
   3.2600000e+02   4.9746648e-01
   3.2700000e+02   5.7016208e-01
   3.2800000e+02   1.8701553e-01
   3.2900000e+02  -7.1027139e-02
   3.3000000e+02  -6.1639293e-01
   3.3100000e+02  -5.4289830e-01
   3.3200000e+02  -2.7615709e-04
   3.3300000e+02   5.6532337e-01
   3.3400000e+02   1.0222909e+00
   3.3500000e+02  -2.0079009e-01
   3.3600000e+02  -6.9902051e-01
   3.3700000e+02  -8.7099526e-01
   3.3800000e+02   1.9191450e-01
   3.3900000e+02   9.4674310e-01
   3.4000000e+02   3.9868784e-01
   3.4100000e+02  -5.2835857e-01
   3.4200000e+02  -4.9503595e-01
   3.4300000e+02   2.0294727e-01
   3.4400000e+02   9.4490167e-02
   3.4500000e+02   8.1912024e-02
   3.4600000e+02   1.3175090e-01
   3.4700000e+02   9.1457130e-02
   3.4800000e+02  -5.2153759e-01
   3.4900000e+02  -3.3026197e-02
   3.5000000e+02   3.0349120e-01
   3.5100000e+02   1.6312070e-01
   3.5200000e+02  -4.6219995e-02
   3.5300000e+02   3.0668686e-02
   3.5400000e+02  -5.0817881e-02
   3.5500000e+02  -5.9531607e-01
   3.5600000e+02   1.3212221e-01
   3.5700000e+02   6.4968518e-01
   3.5800000e+02   2.2041956e-02
   3.5900000e+02  -6.6440985e-02
   3.6000000e+02  -2.7933759e-01
   3.6100000e+02  -1.6132800e-01
   3.6200000e+02  -1.5402805e-01
   3.6300000e+02   2.0771456e-01
   3.6400000e+02   2.1231862e-01
   3.6500000e+02   2.7421589e-01
   3.6600000e+02  -1.5119172e-01
   3.6700000e+02  -1.7464636e-01
   3.6800000e+02  -2.3838998e-01
   3.6900000e+02   6.1771613e-02
   3.7000000e+02  -3.9442346e-02
   3.7100000e+02   4.5421388e-01
   3.7200000e+02  -1.0424762e-02
   3.7300000e+02  -4.1748780e-01
   3.7400000e+02  -1.6951957e-01
   3.7500000e+02   3.1092959e-01
   3.7600000e+02   5.7039383e-01
   3.7700000e+02  -8.6289498e-02
   3.7800000e+02  -8.9670394e-01
   3.7900000e+02  -3.6056980e-01
   3.8000000e+02   5.3640236e-01
   3.8100000e+02   8.0812745e-01
   3.8200000e+02   4.9032156e-02
   3.8300000e+02  -1.1416414e-01
   3.8400000e+02  -5.8112361e-01
   3.8500000e+02  -6.4010312e-01
   3.8600000e+02   2.1807075e-02
   3.8700000e+02   6.3640372e-01
   3.8800000e+02   4.2927065e-01
   3.8900000e+02   3.4437241e-01
   3.9000000e+02  -3.0524073e-02
   3.9100000e+02  -5.8076107e-01
   3.9200000e+02  -7.4299598e-01
   3.9300000e+02  -1.0963238e-01
   3.9400000e+02   3.2855942e-01
   3.9500000e+02   8.3223116e-01
   3.9600000e+02   9.3869907e-02
   3.9700000e+02   2.1298596e-02
   3.9800000e+02  -3.6267625e-01
   3.9900000e+02  -2.6111094e-01
   4.0000000e+02   1.3763214e-02
   4.0100000e+02  -5.6241730e-01
   4.0200000e+02   2.8206557e-01
   4.0300000e+02   4.9135732e-01
   4.0400000e+02   3.3720502e-01
   4.0500000e+02   2.9647527e-01
   4.0600000e+02  -4.3298175e-01
   4.0700000e+02  -7.6384303e-01
   4.0800000e+02  -1.9069974e-01
   4.0900000e+02   8.8594835e-02
   4.1000000e+02   6.7680213e-01
   4.1100000e+02   5.2747701e-01
   4.1200000e+02   1.3316357e-01
   4.1300000e+02  -6.6065497e-01
   4.1400000e+02  -7.5866641e-01
   4.1500000e+02  -1.2553430e-01
   4.1600000e+02   4.9347248e-01
   4.1700000e+02   7.9012552e-01
   4.1800000e+02   1.7061125e-01
   4.1900000e+02  -3.5785597e-01
   4.2000000e+02  -6.8224845e-01
   4.2100000e+02  -9.3611536e-03
   4.2200000e+02   1.1651930e-01
   4.2300000e+02   1.6702526e-01
   4.2400000e+02   1.3049726e-01
   4.2500000e+02   2.4489623e-01
   4.2600000e+02   5.0233484e-02
   4.2700000e+02  -1.6268328e-01
   4.2800000e+02  -4.1282220e-01
   4.2900000e+02  -2.5821213e-01
   4.3000000e+02   5.7194665e-02
   4.3100000e+02   6.6496219e-01
   4.3200000e+02   4.1862521e-01
   4.3300000e+02  -2.6018912e-01
   4.3400000e+02  -6.8111599e-01
   4.3500000e+02  -1.0688896e-01
   4.3600000e+02   6.0581759e-02
   4.3700000e+02   1.1228583e-01
   4.3800000e+02   6.9747306e-01
   4.3900000e+02   1.5041118e-01
   4.4000000e+02  -5.6328260e-01
   4.4100000e+02  -4.8310254e-01
   4.4200000e+02   1.1357045e-01
   4.4300000e+02   1.3557724e-01
   4.4400000e+02   2.7827292e-01
   4.4500000e+02   2.8328815e-01
   4.4600000e+02  -2.5281901e-01
   4.4700000e+02  -4.2323016e-01
   4.4800000e+02   1.8386062e-01
   4.4900000e+02   1.8026838e-01
   4.5000000e+02  -1.2357180e-01
   4.5100000e+02   2.1961545e-01
   4.5200000e+02   1.8352040e-01
   4.5300000e+02  -5.4358523e-01
   4.5400000e+02  -3.9425055e-01
   4.5500000e+02   3.3838730e-01
   4.5600000e+02   5.0669923e-01
   4.5700000e+02   2.2072562e-01
   4.5800000e+02  -1.0941986e-01
   4.5900000e+02  -5.3378912e-01
   4.6000000e+02  -3.0443373e-01
   4.6100000e+02   2.6782768e-01
   4.6200000e+02   2.4798807e-01
   4.6300000e+02  -7.1126845e-02
   4.6400000e+02   1.7052934e-01
   4.6500000e+02   3.0367045e-01
   4.6600000e+02  -3.6688218e-01
   4.6700000e+02  -5.2472345e-01
   4.6800000e+02  -1.3136112e-02
   4.6900000e+02   5.5994444e-01
   4.7000000e+02  -1.0031883e-02
   4.7100000e+02   2.9752281e-01
   4.7200000e+02  -1.6399971e-01
   4.7300000e+02  -2.8886810e-01
   4.7400000e+02  -2.1570572e-01
   4.7500000e+02  -2.0525226e-01
   4.7600000e+02   4.7019926e-01
   4.7700000e+02   2.5804590e-01
   4.7800000e+02  -2.1426355e-01
   4.7900000e+02   2.2540300e-01
   4.8000000e+02   3.2364683e-02
   4.8100000e+02  -4.9632794e-01
   4.8200000e+02  -4.0748869e-01
   4.8300000e+02   7.7147146e-01
   4.8400000e+02   2.4175063e-01
   4.8500000e+02  -4.4574038e-01
   4.8600000e+02  -3.6412179e-01
   4.8700000e+02   1.1094899e-02
   4.8800000e+02   7.0053146e-01
   4.8900000e+02   4.3907452e-01
   4.9000000e+02  -4.8382783e-01
   4.9100000e+02  -6.4825321e-01
   4.9200000e+02   7.4522271e-02
   4.9300000e+02   1.1316110e-01
   4.9400000e+02  -1.5027685e-01
   4.9500000e+02   1.8758123e-01
   4.9600000e+02   6.2925068e-01
   4.9700000e+02   2.1977881e-01
   4.9800000e+02  -3.5915078e-01
   4.9900000e+02  -4.4224950e-01
   5.0000000e+02  -5.4034790e-01
   5.0100000e+02  -3.3825577e-02
   5.0200000e+02   6.9663780e-01
   5.0300000e+02   5.0242485e-01
   5.0400000e+02  -4.2538716e-02
   5.0500000e+02  -4.9589115e-01
   5.0600000e+02  -4.6713980e-01
   5.0700000e+02   2.7397615e-01
   5.0800000e+02   8.4636015e-01
   5.0900000e+02   8.7530723e-02
   5.1000000e+02  -1.0649564e+00
   5.1100000e+02  -4.8204607e-01
   5.1200000e+02   1.6623558e-01
   5.1300000e+02   6.1073784e-01
   5.1400000e+02   7.5875418e-01
   5.1500000e+02   1.5603067e-01
   5.1600000e+02  -4.2127293e-01
   5.1700000e+02  -7.6903243e-01
   5.1800000e+02  -4.4314774e-01
   5.1900000e+02   2.1843582e-01
   5.2000000e+02   8.4557055e-01
   5.2100000e+02   8.6446532e-02
   5.2200000e+02  -5.0053852e-01
   5.2300000e+02   9.7438311e-03
   5.2400000e+02   2.5877760e-01
   5.2500000e+02   7.2551637e-02
   5.2600000e+02  -2.0972520e-03
   5.2700000e+02   2.1668453e-02
   5.2800000e+02  -4.6978431e-01
   5.2900000e+02  -3.0901229e-01
   5.3000000e+02  -3.2243052e-02
   5.3100000e+02   6.1002992e-01
   5.3200000e+02   5.7597340e-01
   5.3300000e+02  -2.5191547e-01
   5.3400000e+02   1.6169997e-02
   5.3500000e+02  -3.9716783e-01
   5.3600000e+02  -4.5075058e-01
   5.3700000e+02   2.4415193e-01
   5.3800000e+02  -1.0687192e-01
   5.3900000e+02   1.4511240e-01
   5.4000000e+02   5.4230750e-01
   5.4100000e+02   2.0107817e-01
   5.4200000e+02  -2.0792116e-01
   5.4300000e+02  -4.7243696e-01
   5.4400000e+02  -4.7364345e-01
   5.4500000e+02   2.0928522e-01
   5.4600000e+02   5.3350569e-01
   5.4700000e+02   2.4697143e-01
   5.4800000e+02  -1.8392562e-01
   5.4900000e+02  -3.1176345e-01
   5.5000000e+02  -4.9502387e-04
   5.5100000e+02   8.5420215e-02
   5.5200000e+02   2.6943988e-01
   5.5300000e+02  -3.7324189e-01
   5.5400000e+02  -3.0214359e-01
   5.5500000e+02   2.1752426e-01
   5.5600000e+02   4.5821603e-01
   5.5700000e+02   3.0516274e-01
   5.5800000e+02  -3.5824526e-01
   5.5900000e+02  -3.3781025e-01
   5.6000000e+02  -6.0709438e-02
   5.6100000e+02   9.8602031e-02
   5.6200000e+02  -1.1518156e-01
   5.6300000e+02  -2.7209584e-01
   5.6400000e+02   5.3256234e-01
   5.6500000e+02   8.6965218e-01
   5.6600000e+02  -3.3042425e-01
   5.6700000e+02  -1.0454860e+00
   5.6800000e+02  -1.3858331e-01
   5.6900000e+02   6.8478538e-01
   5.7000000e+02   1.1315088e-01
   5.7100000e+02  -1.7974417e-01
   5.7200000e+02  -7.1685205e-02
   5.7300000e+02  -2.2390886e-01
   5.7400000e+02   7.9846625e-02
   5.7500000e+02   5.5669621e-01
   5.7600000e+02   2.4822878e-01
   5.7700000e+02  -5.5350200e-01
   5.7800000e+02  -3.5205288e-01
   5.7900000e+02   1.4519283e-02
   5.8000000e+02   1.5178424e-01
   5.8100000e+02   9.4775041e-02
   5.8200000e+02   4.8505218e-02
   5.8300000e+02   1.7109896e-01
   5.8400000e+02  -9.9232422e-02
   5.8500000e+02   6.3109382e-02
   5.8600000e+02  -6.7367483e-02
   5.8700000e+02  -1.2458116e-01
   5.8800000e+02  -1.4596039e-01
   5.8900000e+02   6.1882551e-02
   5.9000000e+02   3.2854301e-01
   5.9100000e+02  -2.5492843e-01
   5.9200000e+02  -1.8484827e-01
   5.9300000e+02   3.6878498e-01
   5.9400000e+02   1.8061375e-01
   5.9500000e+02  -2.8454661e-01
   5.9600000e+02  -2.6586205e-01
   5.9700000e+02   4.0922202e-01
   5.9800000e+02   4.9214975e-02
   5.9900000e+02  -7.0913715e-01
   6.0000000e+02   2.8214739e-01
   6.0100000e+02   4.4242845e-01
   6.0200000e+02   4.8493865e-02
   6.0300000e+02  -1.1865697e-02
   6.0400000e+02  -1.7858412e-01
   6.0500000e+02  -4.3439789e-01
   6.0600000e+02  -2.6902415e-01
   6.0700000e+02   2.8454689e-01
   6.0800000e+02   1.0730047e+00
   6.0900000e+02  -3.7992204e-02
   6.1000000e+02  -6.7924650e-01
   6.1100000e+02  -2.9894870e-01
   6.1200000e+02   7.4871260e-02
   6.1300000e+02  -3.5880879e-01
   6.1400000e+02   2.2038704e-01
   6.1500000e+02   6.5473158e-01
   6.1600000e+02   2.3133940e-01
   6.1700000e+02  -2.2851277e-01
   6.1800000e+02   9.3916096e-03
   6.1900000e+02  -5.3941103e-01
   6.2000000e+02  -5.2802846e-01
   6.2100000e+02   1.5798005e-01
   6.2200000e+02   9.7765385e-01
   6.2300000e+02   1.5018121e-01
   6.2400000e+02  -3.0227791e-01
   6.2500000e+02  -5.5065846e-01
   6.2600000e+02  -1.1709836e-02
   6.2700000e+02   5.3588594e-01
   6.2800000e+02   3.2508256e-02
   6.2900000e+02  -1.9270403e-01
   6.3000000e+02  -2.0357051e-01
   6.3100000e+02  -9.6492961e-02
   6.3200000e+02   9.2097474e-04
   6.3300000e+02   1.4813992e-01
   6.3400000e+02   5.4670674e-01
   6.3500000e+02  -1.3917149e-01
   6.3600000e+02  -3.6511611e-01
   6.3700000e+02  -7.3649734e-02
   6.3800000e+02   2.1944166e-01
   6.3900000e+02  -1.4220719e-01
   6.4000000e+02  -3.9177821e-01
   6.4100000e+02  -1.2974666e-02
   6.4200000e+02   6.3481637e-01
   6.4300000e+02   6.1862611e-01
   6.4400000e+02  -1.3959385e-01
   6.4500000e+02  -1.0748197e+00
   6.4600000e+02  -3.1782726e-01
   6.4700000e+02   3.8025563e-01
   6.4800000e+02   4.7970498e-01
   6.4900000e+02   5.0683342e-01
   6.5000000e+02  -1.2768507e-01
   6.5100000e+02  -1.0033996e+00
   6.5200000e+02  -2.5835312e-01
   6.5300000e+02   5.3832426e-01
   6.5400000e+02   7.6212529e-01
   6.5500000e+02   5.5303998e-01
   6.5600000e+02  -9.5993114e-01
   6.5700000e+02  -8.4172427e-01
   6.5800000e+02   4.1894231e-02
   6.5900000e+02  -1.3223718e-02
   6.6000000e+02   6.9640240e-01
   6.6100000e+02   8.3116903e-01
   6.6200000e+02   2.2705676e-01
   6.6300000e+02  -7.2108228e-01
   6.6400000e+02  -1.1724524e+00
   6.6500000e+02  -8.3407953e-02
   6.6600000e+02   5.8616288e-01
   6.6700000e+02   4.6990014e-01
   6.6800000e+02   1.0339131e-01
   6.6900000e+02   1.0405126e-01
   6.7000000e+02   1.5070051e-01
   6.7100000e+02  -4.5906579e-01
   6.7200000e+02  -4.4703746e-01
   6.7300000e+02   1.9685141e-01
   6.7400000e+02  -2.2006342e-01
   6.7500000e+02   7.9777925e-02
   6.7600000e+02   6.5766638e-01
   6.7700000e+02   3.3309333e-01
   6.7800000e+02  -3.2317451e-01
   6.7900000e+02  -4.8472708e-01
   6.8000000e+02  -4.5213908e-01
   6.8100000e+02   1.0068510e-01
   6.8200000e+02   8.8421596e-01
   6.8300000e+02   1.0012608e-01
   6.8400000e+02  -3.6738283e-01
   6.8500000e+02  -1.9450960e-01
   6.8600000e+02  -1.8643648e-01
   6.8700000e+02   9.6674210e-03
   6.8800000e+02   3.4038364e-02
   6.8900000e+02   3.4480416e-01
   6.9000000e+02   2.5931785e-01
   6.9100000e+02   2.2026038e-01
   6.9200000e+02  -5.2949071e-01
   6.9300000e+02  -5.1879982e-01
   6.9400000e+02  -2.8311731e-01
   6.9500000e+02   4.9328041e-01
   6.9600000e+02   3.8530963e-01
   6.9700000e+02   2.8123173e-01
   6.9800000e+02   2.0119380e-02
   6.9900000e+02  -5.9693087e-02
   7.0000000e+02  -4.6044178e-01
   7.0100000e+02  -5.7641674e-01
   7.0200000e+02   1.0414855e-01
   7.0300000e+02   4.0326617e-01
   7.0400000e+02   3.5267234e-01
   7.0500000e+02   3.2281846e-01
   7.0600000e+02   6.8505332e-03
   7.0700000e+02  -7.6173119e-01
   7.0800000e+02  -1.5462291e-01
   7.0900000e+02   2.3173593e-01
   7.1000000e+02   5.7282863e-02
   7.1100000e+02   4.8862383e-02
   7.1200000e+02  -1.4064941e-02
   7.1300000e+02   1.4597222e-01
   7.1400000e+02   3.1050919e-01
   7.1500000e+02  -1.2320670e-01
   7.1600000e+02  -6.3193804e-01
   7.1700000e+02   1.7024525e-02
   7.1800000e+02   1.0552121e-01
   7.1900000e+02   1.2484840e-01
   7.2000000e+02   3.8434896e-01
   7.2100000e+02   3.8982426e-01
   7.2200000e+02  -5.1197375e-01
   7.2300000e+02  -5.8204956e-01
   7.2400000e+02  -3.1585639e-01
   7.2500000e+02   6.6342719e-01
   7.2600000e+02   3.4566870e-01
   7.2700000e+02   1.7500837e-01
   7.2800000e+02  -2.8413657e-01
   7.2900000e+02  -2.2712776e-01
   7.3000000e+02   2.0162397e-02
   7.3100000e+02  -2.0741776e-02
   7.3200000e+02  -2.9029420e-01
   7.3300000e+02   1.3046451e-02
   7.3400000e+02   3.2062600e-01
   7.3500000e+02   5.4468965e-01
   7.3600000e+02   1.3917541e-01
   7.3700000e+02  -5.5984589e-01
   7.3800000e+02  -7.0375372e-01
   7.3900000e+02  -9.2363842e-02
   7.4000000e+02   5.7305122e-01
   7.4100000e+02   5.6674205e-01
   7.4200000e+02   1.0242133e-01
   7.4300000e+02  -4.8103078e-01
   7.4400000e+02  -1.5076779e-01
   7.4500000e+02  -1.3075524e-01
   7.4600000e+02  -3.8197288e-01
   7.4700000e+02   4.6373624e-01
   7.4800000e+02   6.1300642e-01
   7.4900000e+02   9.1338426e-02
   7.5000000e+02  -4.6160715e-01
   7.5100000e+02  -6.0306633e-01
   7.5200000e+02   2.6913906e-01
   7.5300000e+02   1.5139982e-01
   7.5400000e+02   2.2724839e-02
   7.5500000e+02  -6.7996439e-02
   7.5600000e+02   5.7994298e-01
   7.5700000e+02   1.4162966e-01
   7.5800000e+02  -8.9793188e-01
   7.5900000e+02  -5.3496812e-01
   7.6000000e+02   7.0920250e-01
   7.6100000e+02   6.5420515e-01
   7.6200000e+02  -1.9292244e-01
   7.6300000e+02  -5.0602464e-01
   7.6400000e+02  -2.1514036e-01
   7.6500000e+02   5.2790519e-01
   7.6600000e+02   9.4635038e-02
   7.6700000e+02  -5.4253166e-01
   7.6800000e+02  -4.5228029e-03
   7.6900000e+02   5.2796927e-01
   7.7000000e+02   3.2551752e-01
   7.7100000e+02  -3.4134486e-01
   7.7200000e+02  -6.3008374e-01
   7.7300000e+02  -1.8513250e-01
   7.7400000e+02   4.8141412e-01
   7.7500000e+02   4.5421227e-01
   7.7600000e+02   5.1911665e-02
   7.7700000e+02  -3.8722293e-01
   7.7800000e+02  -1.0728925e-01
   7.7900000e+02   4.3692397e-01
   7.8000000e+02  -9.5487237e-02
   7.8100000e+02  -7.8318985e-01
   7.8200000e+02  -2.3123458e-01
   7.8300000e+02   5.1043051e-01
   7.8400000e+02   1.0427366e+00
   7.8500000e+02   8.9194416e-02
   7.8600000e+02  -5.9467503e-01
   7.8700000e+02  -9.0225532e-01
   7.8800000e+02   4.1756687e-02
   7.8900000e+02   6.0514519e-01
   7.9000000e+02   4.8559966e-01
   7.9100000e+02  -3.2964767e-01
   7.9200000e+02  -6.4486765e-01
   7.9300000e+02  -5.2140855e-02
   7.9400000e+02   6.9700174e-01
   7.9500000e+02   6.4381552e-01
   7.9600000e+02  -3.4752113e-01
   7.9700000e+02  -5.1949742e-01
   7.9800000e+02  -3.0817055e-01
   7.9900000e+02  -1.8922509e-01
   8.0000000e+02   8.3486068e-02
   8.0100000e+02   5.6443025e-01
   8.0200000e+02   4.2028575e-01
   8.0300000e+02  -4.0562270e-01
   8.0400000e+02   1.6930540e-01
   8.0500000e+02   1.0838940e-01
   8.0600000e+02  -2.8446603e-01
   8.0700000e+02  -5.8443817e-01
   8.0800000e+02  -3.8572030e-01
   8.0900000e+02   4.8119072e-01
   8.1000000e+02   9.5674293e-01
   8.1100000e+02   2.4584562e-02
   8.1200000e+02  -4.9243381e-01
   8.1300000e+02   1.4367224e-03
   8.1400000e+02   8.1691389e-02
   8.1500000e+02  -6.7683194e-02
   8.1600000e+02  -9.0348111e-01
   8.1700000e+02   5.9792615e-03
   8.1800000e+02   7.9774053e-01
   8.1900000e+02   6.6928050e-01
   8.2000000e+02   4.3057919e-02
   8.2100000e+02  -2.6310438e-01
   8.2200000e+02  -8.5455357e-01
   8.2300000e+02  -5.7804263e-01
   8.2400000e+02   4.7378436e-01
   8.2500000e+02   9.4678419e-01
   8.2600000e+02   4.1614244e-01
   8.2700000e+02  -5.1141198e-01
   8.2800000e+02  -8.3510959e-01
   8.2900000e+02  -4.5966548e-01
   8.3000000e+02   5.6954920e-01
   8.3100000e+02   1.0993588e+00
   8.3200000e+02   3.1456454e-01
   8.3300000e+02  -1.0349942e+00
   8.3400000e+02  -6.7133901e-01
   8.3500000e+02   2.2292079e-01
   8.3600000e+02   5.3785942e-01
   8.3700000e+02  -2.5078212e-01
   8.3800000e+02   2.5864835e-01
   8.3900000e+02   1.9525975e-01
   8.4000000e+02  -5.2324806e-02
   8.4100000e+02  -4.1280766e-01
   8.4200000e+02  -1.0266405e-01
   8.4300000e+02   1.5592822e-01
   8.4400000e+02   4.6987258e-01
   8.4500000e+02  -9.4547361e-02
   8.4600000e+02  -4.1827581e-01
   8.4700000e+02  -1.9502101e-01
   8.4800000e+02   9.4238643e-02
   8.4900000e+02   1.0761437e-01
   8.5000000e+02   2.9126612e-01
   8.5100000e+02   1.5892485e-01
   8.5200000e+02   1.4557741e-01
   8.5300000e+02  -2.3501662e-01
   8.5400000e+02  -2.6039896e-01
   8.5500000e+02  -4.1175586e-01
   8.5600000e+02  -6.1386084e-02
   8.5700000e+02   3.1055205e-01
   8.5800000e+02   3.7418569e-02
   8.5900000e+02   6.4642357e-01
   8.6000000e+02   1.1105809e-01
   8.6100000e+02  -1.4750289e-01
   8.6200000e+02  -4.5799342e-01
   8.6300000e+02  -4.0952525e-01
   8.6400000e+02  -8.7998139e-02
   8.6500000e+02   2.0644704e-01
   8.6600000e+02   2.6926872e-01
   8.6700000e+02   2.4504451e-01
   8.6800000e+02   2.7283657e-01
   8.6900000e+02  -5.1521575e-02
   8.7000000e+02  -6.0251542e-01
   8.7100000e+02  -2.0722859e-01
   8.7200000e+02   4.0775865e-01
   8.7300000e+02   1.5900611e-01
   8.7400000e+02  -3.1601529e-01
   8.7500000e+02  -4.9604272e-01
   8.7600000e+02   4.1237915e-01
   8.7700000e+02   9.3867610e-01
   8.7800000e+02   1.8061975e-01
   8.7900000e+02  -7.8718147e-01
   8.8000000e+02  -8.9054465e-01
   8.8100000e+02   1.2727099e-01
   8.8200000e+02   5.0361336e-01
   8.8300000e+02  -6.1972207e-02
   8.8400000e+02   5.9701897e-01
   8.8500000e+02   6.7978638e-01
   8.8600000e+02  -5.0417431e-01
   8.8700000e+02  -1.0563759e+00
   8.8800000e+02  -5.1299017e-01
   8.8900000e+02   4.2879455e-01
   8.9000000e+02   8.5740055e-01
   8.9100000e+02   1.4678862e-01
   8.9200000e+02  -4.2334841e-01
   8.9300000e+02   5.9992816e-02
   8.9400000e+02   3.3116123e-01
   8.9500000e+02   1.3797858e-01
   8.9600000e+02  -4.7495155e-01
   8.9700000e+02  -1.1287237e+00
   8.9800000e+02  -2.6385570e-02
   8.9900000e+02   1.0552094e+00
   9.0000000e+02   1.1799289e+00
   9.0100000e+02  -1.1759049e-01
   9.0200000e+02  -9.7566887e-01
   9.0300000e+02  -6.4104409e-01
   9.0400000e+02  -1.8482581e-01
   9.0500000e+02   6.2379393e-01
   9.0600000e+02   5.5927426e-01
   9.0700000e+02  -2.5756733e-01
   9.0800000e+02  -9.8495213e-02
   9.0900000e+02   1.3821969e-01
   9.1000000e+02  -2.3051923e-01
   9.1100000e+02  -3.3480218e-03
   9.1200000e+02   1.2115010e-01
   9.1300000e+02  -4.0201002e-01
   9.1400000e+02  -2.5199071e-01
   9.1500000e+02   7.0906025e-01
   9.1600000e+02   5.9047458e-01
   9.1700000e+02  -1.8763882e-01
   9.1800000e+02  -3.7459350e-01
   9.1900000e+02  -6.1900453e-01
   9.2000000e+02  -3.5301112e-01
   9.2100000e+02   3.4675119e-01
   9.2200000e+02   5.7569233e-01
   9.2300000e+02   5.9329636e-01
   9.2400000e+02  -2.4827926e-02
   9.2500000e+02  -5.3455398e-01
   9.2600000e+02  -3.7584192e-01
   9.2700000e+02  -2.1752671e-01
   9.2800000e+02  -1.0749405e-01
   9.2900000e+02   6.4606503e-01
   9.3000000e+02  -2.9940239e-02
   9.3100000e+02  -2.4124599e-02
   9.3200000e+02   5.6776732e-01
   9.3300000e+02  -6.8570762e-02
   9.3400000e+02  -7.9093899e-01
   9.3500000e+02  -4.8999730e-01
   9.3600000e+02   2.9485436e-01
   9.3700000e+02   6.1199144e-01
   9.3800000e+02   4.0262879e-01
   9.3900000e+02  -3.1535813e-01
   9.4000000e+02  -2.9126292e-01
   9.4100000e+02  -1.0571876e-01
   9.4200000e+02  -1.2663381e-01
   9.4300000e+02   3.4497437e-01
   9.4400000e+02  -1.6437413e-02
   9.4500000e+02   1.0396176e-01
   9.4600000e+02  -1.1805498e-01
   9.4700000e+02  -3.9628702e-01
   9.4800000e+02   1.6603495e-01
   9.4900000e+02   4.8498344e-01
   9.5000000e+02   1.0104355e-01
   9.5100000e+02  -1.3261595e-01
   9.5200000e+02  -4.0910376e-01
   9.5300000e+02  -5.3197761e-01
   9.5400000e+02   2.6124519e-01
   9.5500000e+02   6.4993540e-01
   9.5600000e+02   3.0768717e-01
   9.5700000e+02  -4.7620745e-03
   9.5800000e+02  -3.9242615e-01
   9.5900000e+02  -7.3234916e-01
   9.6000000e+02  -1.0352722e-01
   9.6100000e+02   2.9633433e-01
   9.6200000e+02   1.0662699e+00
   9.6300000e+02   2.2928703e-01
   9.6400000e+02  -6.3526037e-01
   9.6500000e+02  -8.8385318e-01
   9.6600000e+02  -2.5243164e-01
   9.6700000e+02   8.5979059e-01
   9.6800000e+02   6.8900902e-01
   9.6900000e+02  -3.0610802e-01
   9.7000000e+02  -6.1345338e-01
   9.7100000e+02  -1.1964871e-02
   9.7200000e+02   2.3283318e-01
   9.7300000e+02   5.3062446e-03
   9.7400000e+02   1.4636621e-01
   9.7500000e+02   1.5549697e-01
   9.7600000e+02  -3.5994212e-01
   9.7700000e+02  -2.8981028e-01
   9.7800000e+02   2.8219970e-01
   9.7900000e+02   2.4416365e-01
   9.8000000e+02  -2.8473032e-02
   9.8100000e+02   1.3137672e-02
   9.8200000e+02   3.2889910e-02
   9.8300000e+02  -4.8376792e-01
   9.8400000e+02  -1.9858401e-01
   9.8500000e+02   6.0796823e-01
   9.8600000e+02   2.7833160e-01
   9.8700000e+02  -1.1796076e-01
   9.8800000e+02  -2.0657052e-01
   9.8900000e+02  -1.7402121e-01
   9.9000000e+02  -2.4176969e-01
   9.9100000e+02   1.5980150e-01
   9.9200000e+02   1.9698986e-01
   9.9300000e+02   2.6800597e-01
   9.9400000e+02   4.5189918e-02
   9.9500000e+02  -2.6529003e-01
   9.9600000e+02  -1.8594569e-01
   9.9700000e+02  -4.0132785e-02
   9.9800000e+02  -3.4163680e-02
   9.9900000e+02   3.1721978e-01
   1.0000000e+03   2.4049845e-01
   1.0010000e+03  -3.9046571e-01
   1.0020000e+03  -2.7969892e-01
   1.0030000e+03   1.5823869e-01
   1.0040000e+03   5.2385640e-01
   1.0050000e+03   2.9886894e-01
   1.0060000e+03  -8.5682892e-01
   1.0070000e+03  -5.2709640e-01
   1.0080000e+03   1.5564821e-01
   1.0090000e+03   9.7365421e-01
   1.0100000e+03   1.9553101e-01
   1.0110000e+03  -3.5460749e-02
   1.0120000e+03  -4.2973933e-01
   1.0130000e+03  -7.1628830e-01
   1.0140000e+03  -2.2772883e-01
   1.0150000e+03   5.1676138e-01
   1.0160000e+03   5.3161367e-01
   1.0170000e+03   3.6937576e-01
   1.0180000e+03   1.1769671e-01
   1.0190000e+03  -3.9671231e-01
   1.0200000e+03  -7.8954905e-01
   1.0210000e+03  -3.5578798e-01
   1.0220000e+03   2.3548898e-01
   1.0230000e+03   7.0937809e-01
   1.0240000e+03   3.9734003e-01
   1.0250000e+03  -1.0389416e-03
   1.0260000e+03  -2.6430803e-01
   1.0270000e+03  -3.0640441e-01
   1.0280000e+03  -5.2208939e-02
   1.0290000e+03  -3.7370143e-01
   1.0300000e+03  -1.0981861e-01
   1.0310000e+03   5.6267511e-01
   1.0320000e+03   3.6401545e-01
   1.0330000e+03   3.3269517e-01
   1.0340000e+03  -1.2751317e-01
   1.0350000e+03  -8.1413891e-01
   1.0360000e+03  -3.5795696e-01
   1.0370000e+03  -2.3483631e-02
   1.0380000e+03   5.2775449e-01
   1.0390000e+03   6.3231846e-01
   1.0400000e+03   2.9349520e-01
   1.0410000e+03  -4.0107235e-01
   1.0420000e+03  -8.6846007e-01
   1.0430000e+03  -3.2777558e-01
   1.0440000e+03   2.9265665e-01
   1.0450000e+03   8.0327027e-01
   1.0460000e+03   3.8751560e-01
   1.0470000e+03  -1.6208220e-01
   1.0480000e+03  -7.3569132e-01
   1.0490000e+03  -1.8460140e-01
   1.0500000e+03   1.0857435e-01
   1.0510000e+03   1.2424533e-01
   1.0520000e+03   2.1650753e-01
   1.0530000e+03   8.7159062e-02
   1.0540000e+03   2.9184420e-01
   1.0550000e+03  -2.3961997e-01
   1.0560000e+03  -2.4014703e-01
   1.0570000e+03  -4.2309366e-01
   1.0580000e+03  -1.9358710e-02
   1.0590000e+03   4.5550816e-01
   1.0600000e+03   6.4094144e-01
   1.0610000e+03  -6.4009904e-02
   1.0620000e+03  -6.5253628e-01
   1.0630000e+03  -2.9481440e-01
   1.0640000e+03   3.8805234e-02
   1.0650000e+03   6.6281521e-02
   1.0660000e+03   5.3077240e-01
   1.0670000e+03   4.3360986e-01
   1.0680000e+03  -3.5726786e-01
   1.0690000e+03  -6.8193568e-01
   1.0700000e+03   1.7183583e-02
   1.0710000e+03   1.4963346e-01
   1.0720000e+03   1.6292455e-01
   1.0730000e+03   4.2443198e-01
   1.0740000e+03  -1.4354933e-01
   1.0750000e+03  -4.1663516e-01
   1.0760000e+03  -3.8014208e-02
   1.0770000e+03   2.7112060e-01
   1.0780000e+03  -4.9329001e-02
   1.0790000e+03   3.0154760e-02
   1.0800000e+03   3.4423026e-01
   1.0810000e+03  -3.4212233e-01
   1.0820000e+03  -5.9207942e-01
   1.0830000e+03   1.6484125e-01
   1.0840000e+03   5.0299029e-01
   1.0850000e+03   3.3138683e-01
   1.0860000e+03   2.6582675e-02
   1.0870000e+03  -4.6328565e-01
   1.0880000e+03  -4.2048518e-01
   1.0890000e+03   7.4576384e-02
   1.0900000e+03   3.6680427e-01
   1.0910000e+03  -2.7182059e-02
   1.0920000e+03   5.0167852e-02
   1.0930000e+03   3.4479632e-01
   1.0940000e+03  -1.0919875e-01
   1.0950000e+03  -6.0834241e-01
   1.0960000e+03  -2.0555862e-01
   1.0970000e+03   4.9184010e-01
   1.0980000e+03   1.3071019e-01
   1.0990000e+03   2.3276136e-01
   1.1000000e+03  -1.9505763e-02
   1.1010000e+03  -2.6729337e-01
   1.1020000e+03  -2.3797934e-01
   1.1030000e+03  -2.7957293e-01
   1.1040000e+03   2.9699725e-01
   1.1050000e+03   4.0743939e-01
   1.1060000e+03  -1.2417074e-01
   1.1070000e+03   4.6298644e-02
   1.1080000e+03   1.9354153e-01
   1.1090000e+03  -3.3042309e-01
   1.1100000e+03  -6.1371316e-01
   1.1110000e+03   4.5865737e-01
   1.1120000e+03   6.1166078e-01
   1.1130000e+03  -3.7568002e-01
   1.1140000e+03  -3.9676976e-01
   1.1150000e+03  -1.7529567e-01
   1.1160000e+03   5.2493676e-01
   1.1170000e+03   6.4859219e-01
   1.1180000e+03  -1.8792359e-01
   1.1190000e+03  -7.6875561e-01
   1.1200000e+03  -1.2241719e-01
   1.1210000e+03   1.9172158e-01
   1.1220000e+03  -1.2306348e-01
   1.1230000e+03   3.2870810e-02
   1.1240000e+03   5.4777452e-01
   1.1250000e+03   4.2026350e-01
   1.1260000e+03  -1.9513074e-01
   1.1270000e+03  -4.8332859e-01
   1.1280000e+03  -4.8091419e-01
   1.1290000e+03  -3.1183414e-01
   1.1300000e+03   5.3914557e-01
   1.1310000e+03   6.6260544e-01
   1.1320000e+03   1.2754897e-01
   1.1330000e+03  -4.0975693e-01
   1.1340000e+03  -4.8983212e-01
   1.1350000e+03  -1.0054073e-01
   1.1360000e+03   8.5311740e-01
   1.1370000e+03   4.4157495e-01
   1.1380000e+03  -8.5075274e-01
   1.1390000e+03  -7.3812189e-01
   1.1400000e+03  -6.0532173e-02
   1.1410000e+03   5.5476252e-01
   1.1420000e+03   7.2095269e-01
   1.1430000e+03   4.3070087e-01
   1.1440000e+03  -2.6051129e-01
   1.1450000e+03  -7.5740510e-01
   1.1460000e+03  -5.2817904e-01
   1.1470000e+03  -1.1740515e-01
   1.1480000e+03   8.2580657e-01
   1.1490000e+03   4.1403637e-01
   1.1500000e+03  -4.9754797e-01
   1.1510000e+03  -9.3658600e-02
   1.1520000e+03   1.1200074e-01
   1.1530000e+03   2.9948802e-01
   1.1540000e+03  -1.5490344e-01
   1.1550000e+03   1.6225115e-01
   1.1560000e+03  -3.6404148e-01
   1.1570000e+03  -4.3491943e-01
   1.1580000e+03  -9.0296354e-02
   1.1590000e+03   3.3853990e-01
   1.1600000e+03   7.9248608e-01
   1.1610000e+03  -9.5697234e-02
   1.1620000e+03  -9.0326079e-02
   1.1630000e+03  -1.8004245e-01
   1.1640000e+03  -5.8869842e-01
   1.1650000e+03   9.3846747e-02
   1.1660000e+03   5.0533607e-02
   1.1670000e+03  -3.8313321e-02
   1.1680000e+03   4.8239359e-01
   1.1690000e+03   3.7659544e-01
   1.1700000e+03  -1.0992666e-01
   1.1710000e+03  -4.1126879e-01
   1.1720000e+03  -4.9929990e-01
   1.1730000e+03  -1.0841798e-01
   1.1740000e+03   6.0011264e-01
   1.1750000e+03   3.0294008e-01
   1.1760000e+03  -9.4580064e-03
   1.1770000e+03  -3.5211951e-01
   1.1780000e+03  -1.0366777e-01
   1.1790000e+03   8.1641080e-02
   1.1800000e+03   2.2965766e-01
   1.1810000e+03  -1.0415135e-01
   1.1820000e+03  -4.7838826e-01
   1.1830000e+03   9.5258194e-02
   1.1840000e+03   4.0225130e-01
   1.1850000e+03   4.3420806e-01
   1.1860000e+03  -1.7608648e-01
   1.1870000e+03  -4.0944018e-01
   1.1880000e+03  -1.5680682e-01
   1.1890000e+03   8.9349992e-02
   1.1900000e+03  -5.4676780e-03
   1.1910000e+03  -3.2683144e-01
   1.1920000e+03   2.4636884e-01
   1.1930000e+03   8.9700738e-01
   1.1940000e+03   1.8550117e-01
   1.1950000e+03  -1.0620530e+00
   1.1960000e+03  -4.8213754e-01
   1.1970000e+03   5.1754084e-01
   1.1980000e+03   4.3594231e-01
   1.1990000e+03  -2.6577903e-01
   1.2000000e+03   4.0517507e-03
   1.2010000e+03  -2.5226431e-01
   1.2020000e+03  -3.6635034e-02
   1.2030000e+03   4.2036768e-01
   1.2040000e+03   4.9202409e-01
   1.2050000e+03  -4.0522114e-01
   1.2060000e+03  -4.4335900e-01
   1.2070000e+03  -1.4756730e-01
   1.2080000e+03   2.0899740e-01
   1.2090000e+03   7.1648009e-02
   1.2100000e+03   4.8650746e-02
   1.2110000e+03   1.9404079e-01
   1.2120000e+03  -8.0053120e-02
   1.2130000e+03   5.0172505e-02
   1.2140000e+03  -2.4055311e-02
   1.2150000e+03  -1.3713186e-01
   1.2160000e+03  -9.5995343e-02
   1.2170000e+03  -1.1213077e-01
   1.2180000e+03   3.7081273e-01
   1.2190000e+03  -5.4509656e-02
   1.2200000e+03  -3.6509198e-01
   1.2210000e+03   3.0128716e-01
   1.2220000e+03   2.5325994e-01
   1.2230000e+03  -1.0385377e-01
   1.2240000e+03  -4.0142145e-01
   1.2250000e+03   2.2472736e-01
   1.2260000e+03   3.3050266e-01
   1.2270000e+03  -6.1340022e-01
   1.2280000e+03  -1.5980532e-01
   1.2290000e+03   6.5470100e-01
   1.2300000e+03   1.1261735e-02
   1.2310000e+03   1.1106303e-01
   1.2320000e+03  -1.8011680e-01
   1.2330000e+03  -3.4639548e-01
   1.2340000e+03  -3.4355642e-01
   1.2350000e+03  -3.3257556e-02
   1.2360000e+03   1.0500481e+00
   1.2370000e+03   3.5004049e-01
   1.2380000e+03  -5.6024358e-01
   1.2390000e+03  -5.4692566e-01
   1.2400000e+03   1.1958165e-01
   1.2410000e+03  -3.0306143e-01
   1.2420000e+03  -1.4434014e-02
   1.2430000e+03   5.7936387e-01
   1.2440000e+03   4.7442506e-01
   1.2450000e+03  -2.0509546e-01
   1.2460000e+03  -3.0086793e-02
   1.2470000e+03  -3.0164761e-01
   1.2480000e+03  -6.7984798e-01
   1.2490000e+03  -8.7806595e-02
   1.2500000e+03   8.2348245e-01
   1.2510000e+03   5.1159973e-01
   1.2520000e+03  -2.3338763e-01
   1.2530000e+03  -5.1229601e-01
   1.2540000e+03  -2.6749563e-01
   1.2550000e+03   4.7339740e-01
   1.2560000e+03   2.3676760e-01
   1.2570000e+03  -1.8346316e-01
   1.2580000e+03  -1.9491466e-01
   1.2590000e+03  -1.6142012e-01
   1.2600000e+03   1.4133007e-02
   1.2610000e+03   1.4285639e-02
   1.2620000e+03   5.2508200e-01
   1.2630000e+03   1.2219806e-01
   1.2640000e+03  -3.9815890e-01
   1.2650000e+03  -1.7486147e-01
   1.2660000e+03   1.5796734e-01
   1.2670000e+03   4.5505940e-02
   1.2680000e+03  -4.0385083e-01
   1.2690000e+03  -1.7682609e-01
   1.2700000e+03   4.4858376e-01
   1.2710000e+03   7.2063875e-01
   1.2720000e+03   1.7990198e-01
   1.2730000e+03  -8.9113227e-01
   1.2740000e+03  -7.2466149e-01
   1.2750000e+03   3.2870203e-01
   1.2760000e+03   3.6894774e-01
   1.2770000e+03   6.3643952e-01
   1.2780000e+03   6.4432784e-02
   1.2790000e+03  -7.3779268e-01
   1.2800000e+03  -7.2372011e-01
   1.2810000e+03   4.4888830e-01
   1.2820000e+03   6.7114413e-01
   1.2830000e+03   7.5999154e-01
   1.2840000e+03  -4.4204411e-01
   1.2850000e+03  -1.1968235e+00
   1.2860000e+03  -5.1450935e-02
   1.2870000e+03  -6.9744517e-02
   1.2880000e+03   4.6684878e-01
   1.2890000e+03   8.7592289e-01
   1.2900000e+03   5.0084448e-01
   1.2910000e+03  -4.4083714e-01
   1.2920000e+03  -1.1612088e+00
   1.2930000e+03  -5.2742476e-01
   1.2940000e+03   5.0471128e-01
   1.2950000e+03   5.6116276e-01
   1.2960000e+03   1.9558573e-01
   1.2970000e+03   5.8779001e-02
   1.2980000e+03   2.0600978e-01
   1.2990000e+03  -2.5124346e-01
   1.3000000e+03  -5.9235973e-01
   1.3010000e+03   7.7082173e-02
   1.3020000e+03  -5.6972004e-02
   1.3030000e+03  -1.3536367e-01
   1.3040000e+03   5.4837843e-01
   1.3050000e+03   5.2395979e-01
   1.3060000e+03  -1.3553593e-01
   1.3070000e+03  -5.0308274e-01
   1.3080000e+03  -4.5264436e-01
   1.3090000e+03  -1.8992478e-01
   1.3100000e+03   7.6095087e-01
   1.3110000e+03   4.6447957e-01
   1.3120000e+03  -3.5124463e-01
   1.3130000e+03  -2.6840938e-01
   1.3140000e+03  -1.2568797e-01
   1.3150000e+03  -1.4931563e-01
   1.3160000e+03   1.1615573e-01
   1.3170000e+03   1.8013949e-01
   1.3180000e+03   3.2957856e-01
   1.3190000e+03   3.0188330e-01
   1.3200000e+03  -3.3440723e-01
   1.3210000e+03  -5.5671123e-01
   1.3220000e+03  -4.2442495e-01
   1.3230000e+03   2.6563054e-01
   1.3240000e+03   5.1637164e-01
   1.3250000e+03   2.8111524e-01
   1.3260000e+03   1.0098451e-01
   1.3270000e+03   1.8507723e-03
   1.3280000e+03  -3.5426181e-01
   1.3290000e+03  -5.8738531e-01
   1.3300000e+03  -1.7370118e-01
   1.3310000e+03   4.0086563e-01
   1.3320000e+03   3.7112315e-01
   1.3330000e+03   3.2185228e-01
   1.3340000e+03   1.9586235e-01
   1.3350000e+03  -5.7667864e-01
   1.3360000e+03  -5.0184745e-01
   1.3370000e+03   2.7718051e-01
   1.3380000e+03   6.7077576e-02
   1.3390000e+03   5.3674797e-02
   1.3400000e+03   2.3329447e-02
   1.3410000e+03   2.7871323e-02
   1.3420000e+03   3.3461450e-01
   1.3430000e+03   7.0564034e-02
   1.3440000e+03  -5.7474061e-01
   1.3450000e+03  -2.3386910e-01
   1.3460000e+03   1.7424295e-01
   1.3470000e+03   6.1857044e-02
   1.3480000e+03   2.9077693e-01
   1.3490000e+03   5.1529716e-01
   1.3500000e+03  -2.6974918e-01
   1.3510000e+03  -5.9804318e-01
   1.3520000e+03  -5.1110410e-01
   1.3530000e+03   4.1130581e-01
   1.3540000e+03   5.7283407e-01
   1.3550000e+03   1.3105562e-01
   1.3560000e+03  -3.7402751e-02
   1.3570000e+03  -3.9664824e-01
   1.3580000e+03   4.7683036e-03
   1.3590000e+03   4.5729435e-02
   1.3600000e+03  -2.8193743e-01
   1.3610000e+03  -7.2969461e-02
   1.3620000e+03   1.9356977e-01
   1.3630000e+03   5.3360717e-01
   1.3640000e+03   3.3245876e-01
   1.3650000e+03  -3.4596489e-01
   1.3660000e+03  -7.8620972e-01
   1.3670000e+03  -2.8879562e-01
   1.3680000e+03   3.7169324e-01
   1.3690000e+03   6.4507444e-01
   1.3700000e+03   3.4758078e-01
   1.3710000e+03  -4.8067326e-01
   1.3720000e+03  -1.6052615e-01
   1.3730000e+03  -1.8602929e-01
   1.3740000e+03  -2.8951464e-01
   1.3750000e+03   1.0118540e-01
   1.3760000e+03   7.0132601e-01
   1.3770000e+03   2.9953661e-01
   1.3780000e+03  -3.1728308e-01
   1.3790000e+03  -6.8312649e-01
   1.3800000e+03   3.2568336e-02
   1.3810000e+03   2.4603585e-01
   1.3820000e+03   6.4382108e-02
   1.3830000e+03  -9.3299664e-02
   1.3840000e+03   3.4008714e-01
   1.3850000e+03   5.0800263e-01
   1.3860000e+03  -6.9901774e-01
   1.3870000e+03  -8.0477116e-01
   1.3880000e+03   3.3893422e-01
   1.3890000e+03   8.9755022e-01
   1.3900000e+03  -3.2586721e-02
   1.3910000e+03  -3.6391167e-01
   1.3920000e+03  -5.0357875e-01
   1.3930000e+03   4.2912982e-01
   1.3940000e+03   3.3977754e-01
   1.3950000e+03  -4.7703384e-01
   1.3960000e+03  -2.0987173e-01
   1.3970000e+03   3.9142386e-01
   1.3980000e+03   4.8039175e-01
   1.3990000e+03  -1.0152230e-01
   1.4000000e+03  -6.7516597e-01
   1.4010000e+03  -3.2768373e-01
   1.4020000e+03   2.5473483e-01
   1.4030000e+03   5.8705332e-01
   1.4040000e+03   1.5120791e-01
   1.4050000e+03  -2.3180290e-01
   1.4060000e+03  -3.5718260e-01
   1.4070000e+03   4.0558428e-01
   1.4080000e+03   1.3891398e-01
   1.4090000e+03  -6.5849795e-01
   1.4100000e+03  -4.8621783e-01
   1.4110000e+03   2.5121776e-01
   1.4120000e+03   1.0267958e+00
   1.4130000e+03   4.5152929e-01
   1.4140000e+03  -4.2016808e-01
   1.4150000e+03  -9.3141895e-01
   1.4160000e+03  -2.8419986e-01
   1.4170000e+03   4.6577801e-01
   1.4180000e+03   6.6133476e-01
   1.4190000e+03  -8.0419180e-02
   1.4200000e+03  -6.7901323e-01
   1.4210000e+03  -2.3228661e-01
   1.4220000e+03   3.9527347e-01
   1.4230000e+03   9.0501727e-01
   1.4240000e+03  -1.0600526e-01
   1.4250000e+03  -5.6713761e-01
   1.4260000e+03  -3.1948653e-01
   1.4270000e+03  -2.8819378e-01
   1.4280000e+03   1.6182092e-02
   1.4290000e+03   3.8224802e-01
   1.4300000e+03   6.3620250e-01
   1.4310000e+03  -2.7072096e-01
   1.4320000e+03  -3.9609813e-02
   1.4330000e+03   1.9337128e-01
   1.4340000e+03  -1.2062854e-01
   1.4350000e+03  -5.5770745e-01
   1.4360000e+03  -5.0931390e-01
   1.4370000e+03   1.6774086e-01
   1.4380000e+03   9.4400284e-01
   1.4390000e+03   4.1438279e-01
   1.4400000e+03  -4.9358752e-01
   1.4410000e+03  -1.5817511e-01
   1.4420000e+03   8.8867347e-02
   1.4430000e+03   8.0385394e-02
   1.4440000e+03  -7.3754684e-01
   1.4450000e+03  -4.2574944e-01
   1.4460000e+03   6.8658482e-01
   1.4470000e+03   7.4684499e-01
   1.4480000e+03   3.0575151e-01
   1.4490000e+03  -2.6110725e-01
   1.4500000e+03  -5.8110088e-01
   1.4510000e+03  -8.7664808e-01
   1.4520000e+03   1.6257743e-01
   1.4530000e+03   9.3455652e-01
   1.4540000e+03   6.3025282e-01
   1.4550000e+03  -2.0537663e-01
   1.4560000e+03  -8.3154363e-01
   1.4570000e+03  -6.7391442e-01
   1.4580000e+03   2.5863962e-01
   1.4590000e+03   1.0056706e+00
   1.4600000e+03   7.7465782e-01
   1.4610000e+03  -7.7423833e-01
   1.4620000e+03  -9.0510901e-01
   1.4630000e+03  -7.3328842e-02
   1.4640000e+03   6.1213970e-01
   1.4650000e+03  -5.1587577e-02
   1.4660000e+03   2.5756808e-03
   1.4670000e+03   3.3543237e-01
   1.4680000e+03   2.2559562e-02
   1.4690000e+03  -3.6503419e-01
   1.4700000e+03  -1.8552338e-01
   1.4710000e+03   1.1659375e-02
   1.4720000e+03   4.6061815e-01
   1.4730000e+03   1.6233022e-01
   1.4740000e+03  -4.7109647e-01
   1.4750000e+03  -1.9475244e-01
   1.4760000e+03  -6.1861713e-02
   1.4770000e+03   1.4752775e-01
   1.4780000e+03   2.6636004e-01
   1.4790000e+03   1.1572665e-01
   1.4800000e+03   3.1134759e-01
   1.4810000e+03  -2.6717157e-01
   1.4820000e+03  -1.4802733e-01
   1.4830000e+03  -4.3609297e-01
   1.4840000e+03  -2.4176739e-01
   1.4850000e+03   3.3763018e-01
   1.4860000e+03  -9.1232870e-03
   1.4870000e+03   5.4685207e-01
   1.4880000e+03   3.0219567e-01
   1.4890000e+03  -6.0406542e-02
   1.4900000e+03  -4.1165894e-01
   1.4910000e+03  -4.1561622e-01
   1.4920000e+03  -2.6627614e-01
   1.4930000e+03   1.9798838e-01
   1.4940000e+03   2.1479017e-01
   1.4950000e+03   2.9493543e-01
   1.4960000e+03   2.2695495e-01
   1.4970000e+03   1.6590889e-01
   1.4980000e+03  -5.3572074e-01
   1.4990000e+03  -3.9367046e-01
   1.5000000e+03   2.5908154e-01
   1.5010000e+03   3.1811561e-01
   1.5020000e+03  -1.5653955e-01
   1.5030000e+03  -5.7214650e-01
   1.5040000e+03   9.5497005e-02
   1.5050000e+03   8.8405400e-01
   1.5060000e+03   5.3778836e-01
   1.5070000e+03  -5.4120186e-01
   1.5080000e+03  -1.0015863e+00
   1.5090000e+03  -2.4156281e-01
   1.5100000e+03   5.7775213e-01
   1.5110000e+03   2.2747709e-02
   1.5120000e+03   3.3242563e-01
   1.5130000e+03   8.1278629e-01
   1.5140000e+03  -7.5047091e-02
   1.5150000e+03  -1.0385557e+00
   1.5160000e+03  -7.6952358e-01
   1.5170000e+03   1.5897048e-01
   1.5180000e+03   8.0263382e-01
   1.5190000e+03   4.9911700e-01
   1.5200000e+03  -4.0484901e-01
   1.5210000e+03  -1.2371265e-01
   1.5220000e+03   3.2482203e-01
   1.5230000e+03   1.9602306e-01
   1.5240000e+03  -1.5888726e-01
   1.5250000e+03  -1.1189558e+00
   1.5260000e+03  -4.5438779e-01
   1.5270000e+03   7.5835823e-01
   1.5280000e+03   1.3391428e+00
   1.5290000e+03   3.2444402e-01
   1.5300000e+03  -8.0966264e-01
   1.5310000e+03  -8.5974854e-01
   1.5320000e+03  -2.8993626e-01
   1.5330000e+03   3.2238744e-01
   1.5340000e+03   7.6104086e-01
   1.5350000e+03  -3.0588637e-02
   1.5360000e+03  -3.0542972e-01
   1.5370000e+03   2.2285194e-01
   1.5380000e+03  -1.8225666e-01
   1.5390000e+03  -1.2155298e-01
   1.5400000e+03   1.8965835e-01
   1.5410000e+03  -2.7319469e-01
   1.5420000e+03  -3.8940671e-01
   1.5430000e+03   3.7553594e-01
   1.5440000e+03   8.5368842e-01
   1.5450000e+03  -6.3374031e-02
   1.5460000e+03  -2.5765213e-01
   1.5470000e+03  -6.3632522e-01
   1.5480000e+03  -4.4301889e-01
   1.5490000e+03   8.7637832e-02
   1.5500000e+03   5.6679419e-01
   1.5510000e+03   6.4948760e-01
   1.5520000e+03   1.7828876e-01
   1.5530000e+03  -3.9594968e-01
   1.5540000e+03  -5.0801776e-01
   1.5550000e+03  -2.1300551e-01
   1.5560000e+03  -2.1331493e-01
   1.5570000e+03   4.4683054e-01
   1.5580000e+03   3.0655386e-01
   1.5590000e+03  -2.0915631e-01
   1.5600000e+03   4.5337232e-01
   1.5610000e+03   2.7270825e-01
   1.5620000e+03  -6.6776198e-01
   1.5630000e+03  -7.1676208e-01
   1.5640000e+03   1.2512204e-01
   1.5650000e+03   5.0440703e-01
   1.5660000e+03   5.8997255e-01
   1.5670000e+03  -1.1744326e-01
   1.5680000e+03  -4.1188475e-01
   1.5690000e+03  -7.8862505e-02
   1.5700000e+03  -1.8668292e-01
   1.5710000e+03   2.0609675e-01
   1.5720000e+03   1.9604110e-01
   1.5730000e+03  -6.1788428e-02
   1.5740000e+03   9.5238244e-02
   1.5750000e+03  -4.2343342e-01
   1.5760000e+03  -6.4390614e-02
   1.5770000e+03   4.9615980e-01
   1.5780000e+03   2.3910671e-01
   1.5790000e+03  -1.0126071e-01
   1.5800000e+03  -2.6276889e-01
   1.5810000e+03  -6.1397217e-01
   1.5820000e+03  -2.4187047e-02
   1.5830000e+03   6.4433159e-01
   1.5840000e+03   4.3381814e-01
   1.5850000e+03   6.9782385e-02
   1.5860000e+03  -1.9916577e-01
   1.5870000e+03  -7.7303296e-01
   1.5880000e+03  -2.7650162e-01
   1.5890000e+03   1.1564224e-01
   1.5900000e+03   8.9280311e-01
   1.5910000e+03   6.8112440e-01
   1.5920000e+03  -5.1567424e-01
   1.5930000e+03  -7.9725553e-01
   1.5940000e+03  -6.3591086e-01
   1.5950000e+03   6.2391438e-01
   1.5960000e+03   8.7933036e-01
   1.5970000e+03   8.4549361e-03
   1.5980000e+03  -6.3683443e-01
   1.5990000e+03  -2.6219075e-01
   1.6000000e+03   3.0048744e-01
   1.6010000e+03  -1.0271880e-02
   1.6020000e+03   1.4556029e-01
   1.6030000e+03   1.4456027e-01
   1.6040000e+03  -1.1942074e-01
   1.6050000e+03  -4.9097579e-01
   1.6060000e+03   1.9060323e-01
   1.6070000e+03   2.8768742e-01
   1.6080000e+03   4.6354063e-02
   1.6090000e+03  -1.6509064e-02
   1.6100000e+03   4.4049620e-02
   1.6110000e+03  -2.6478033e-01
   1.6120000e+03  -4.7955413e-01
   1.6130000e+03   4.4287097e-01
   1.6140000e+03   5.2069624e-01
   1.6150000e+03  -1.3204487e-01
   1.6160000e+03  -1.0045592e-01
   1.6170000e+03  -2.4525124e-01
   1.6180000e+03  -2.2257800e-01
   1.6190000e+03   3.0087190e-02
   1.6200000e+03   2.0100335e-01
   1.6210000e+03   2.4186056e-01
   1.6220000e+03   2.0331840e-01
   1.6230000e+03  -2.8692410e-01
   1.6240000e+03  -1.3211681e-01
   1.6250000e+03  -1.7836189e-01
   1.6260000e+03   4.2301309e-02
   1.6270000e+03   1.1391064e-01
   1.6280000e+03   4.2363732e-01
   1.6290000e+03  -2.6374325e-01
   1.6300000e+03  -3.6420446e-01
   1.6310000e+03  -6.3618575e-03
   1.6320000e+03   4.4247501e-01
   1.6330000e+03   5.1750486e-01
   1.6340000e+03  -5.7664129e-01
   1.6350000e+03  -7.2357030e-01
   1.6360000e+03  -1.4367132e-01
   1.6370000e+03   8.9247086e-01
   1.6380000e+03   4.6290887e-01
   1.6390000e+03  -3.3484423e-03
   1.6400000e+03  -2.6790751e-01
   1.6410000e+03  -6.9766299e-01
   1.6420000e+03  -4.5139490e-01
   1.6430000e+03   3.0699113e-01
   1.6440000e+03   6.2874299e-01
   1.6450000e+03   3.7541264e-01
   1.6460000e+03   2.4862871e-01
   1.6470000e+03  -2.1481380e-01
   1.6480000e+03  -7.3895044e-01
   1.6490000e+03  -5.7781097e-01
   1.6500000e+03   1.1713096e-01
   1.6510000e+03   5.0316606e-01
   1.6520000e+03   7.0730444e-01
   1.6530000e+03  -4.0851523e-02
   1.6540000e+03  -9.8429036e-02
   1.6550000e+03  -3.5395576e-01
   1.6560000e+03  -1.7244513e-01
   1.6570000e+03  -1.1585862e-01
   1.6580000e+03  -4.6090175e-01
   1.6590000e+03   5.3955863e-01
   1.6600000e+03   4.0912203e-01
   1.6610000e+03   3.2962965e-01
   1.6620000e+03   1.3329209e-01
   1.6630000e+03  -7.1178083e-01
   1.6640000e+03  -5.6816896e-01
   1.6650000e+03  -8.6486842e-02
   1.6660000e+03   3.0981044e-01
   1.6670000e+03   7.0493735e-01
   1.6680000e+03   4.0911674e-01
   1.6690000e+03  -1.2655892e-01
   1.6700000e+03  -8.4875656e-01
   1.6710000e+03  -5.4006809e-01
   1.6720000e+03   9.5251937e-02
   1.6730000e+03   6.9731143e-01
   1.6740000e+03   6.1765516e-01
   1.6750000e+03  -1.2974897e-02
   1.6760000e+03  -6.0873786e-01
   1.6770000e+03  -4.3478075e-01
   1.6780000e+03   8.1411806e-02
   1.6790000e+03   1.1428199e-01
   1.6800000e+03   2.2550522e-01
   1.6810000e+03   4.0989645e-02
   1.6820000e+03   3.7513066e-01
   1.6830000e+03  -1.9681600e-01
   1.6840000e+03  -1.2777935e-01
   1.6850000e+03  -5.0383374e-01
   1.6860000e+03  -9.8044029e-02
   1.6870000e+03   2.2926724e-01
   1.6880000e+03   7.4888305e-01
   1.6890000e+03   1.4383037e-01
   1.6900000e+03  -4.9288842e-01
   1.6910000e+03  -5.2048651e-01
   1.6920000e+03   1.9220100e-03
   1.6930000e+03   6.8316303e-02
   1.6940000e+03   2.9507867e-01
   1.6950000e+03   6.5712296e-01
   1.6960000e+03  -1.3703316e-01
   1.6970000e+03  -7.1489113e-01
   1.6980000e+03  -1.8155307e-01
   1.6990000e+03   1.4664535e-01
   1.7000000e+03   1.2113992e-01
   1.7010000e+03   4.1667684e-01
   1.7020000e+03   3.5082668e-02
   1.7030000e+03  -3.4490367e-01
   1.7040000e+03  -2.7485914e-01
   1.7050000e+03   2.9867718e-01
   1.7060000e+03   5.6623906e-02
   1.7070000e+03  -1.0438941e-01
   1.7080000e+03   3.6566909e-01
   1.7090000e+03  -9.2453647e-02
   1.7100000e+03  -6.5076831e-01
   1.7110000e+03  -8.3745767e-02
   1.7120000e+03   4.5240369e-01
   1.7130000e+03   4.3887348e-01
   1.7140000e+03   1.1939307e-01
   1.7150000e+03  -3.1034469e-01
   1.7160000e+03  -5.0503923e-01
   1.7170000e+03  -1.2490584e-01
   1.7180000e+03   3.8993880e-01
   1.7190000e+03   8.1146329e-02
   1.7200000e+03  -3.8928463e-02
   1.7210000e+03   2.9514922e-01
   1.7220000e+03   1.3070470e-01
   1.7230000e+03  -5.7167747e-01
   1.7240000e+03  -3.6310916e-01
   1.7250000e+03   2.6801880e-01
   1.7260000e+03   3.8291369e-01
   1.7270000e+03   6.9999520e-02
   1.7280000e+03   1.7122310e-01
   1.7290000e+03  -2.3731329e-01
   1.7300000e+03  -2.7861616e-01
   1.7310000e+03  -2.5143607e-01
   1.7320000e+03   3.8535029e-02
   1.7330000e+03   4.9820214e-01
   1.7340000e+03   4.9954660e-02
   1.7350000e+03  -1.4012819e-01
   1.7360000e+03   2.8488338e-01
   1.7370000e+03  -1.6252681e-01
   1.7380000e+03  -6.3117804e-01
   1.7390000e+03   2.7738221e-02
   1.7400000e+03   8.3247984e-01
   1.7410000e+03  -1.6176205e-01
   1.7420000e+03  -4.2875836e-01
   1.7430000e+03  -2.9523590e-01
   1.7440000e+03   2.8354803e-01
   1.7450000e+03   7.5081727e-01
   1.7460000e+03   1.2168064e-01
   1.7470000e+03  -7.2130866e-01
   1.7480000e+03  -3.7725637e-01
   1.7490000e+03   1.9022624e-01
   1.7500000e+03  -2.4871123e-02
   1.7510000e+03  -8.5295319e-02
   1.7520000e+03   3.8879577e-01
   1.7530000e+03   5.7645745e-01
   1.7540000e+03  -8.0054656e-03
   1.7550000e+03  -4.7366701e-01
   1.7560000e+03  -4.2763973e-01
   1.7570000e+03  -4.9615358e-01
   1.7580000e+03   2.9864942e-01
   1.7590000e+03   7.4375553e-01
   1.7600000e+03   2.9614859e-01
   1.7610000e+03  -2.5097533e-01
   1.7620000e+03  -5.0621111e-01
   1.7630000e+03  -3.5504797e-01
   1.7640000e+03   6.7341666e-01
   1.7650000e+03   6.8354702e-01
   1.7660000e+03  -4.3121658e-01
   1.7670000e+03  -9.8467792e-01
   1.7680000e+03  -2.5318966e-01
   1.7690000e+03   4.1681778e-01
   1.7700000e+03   6.5554334e-01
   1.7710000e+03   6.5911702e-01
   1.7720000e+03  -9.8440357e-02
   1.7730000e+03  -6.2601118e-01
   1.7740000e+03  -6.5151184e-01
   1.7750000e+03  -3.3091281e-01
   1.7760000e+03   6.1546814e-01
   1.7770000e+03   6.7545495e-01
   1.7780000e+03  -2.8878385e-01
   1.7790000e+03  -2.9623402e-01
   1.7800000e+03   4.0535342e-02
   1.7810000e+03   3.7743554e-01
   1.7820000e+03  -1.5108814e-01
   1.7830000e+03   1.6418504e-01
   1.7840000e+03  -1.9916628e-01
   1.7850000e+03  -4.9939762e-01
   1.7860000e+03  -1.6651551e-01
   1.7870000e+03   1.0804576e-01
   1.7880000e+03   8.1399097e-01
   1.7890000e+03   2.0152790e-01
   1.7900000e+03  -2.2295273e-01
   1.7910000e+03  -1.3815887e-02
   1.7920000e+03  -5.7505133e-01
   1.7930000e+03  -1.6461027e-01
   1.7940000e+03   2.1079435e-01
   1.7950000e+03  -1.4730741e-01
   1.7960000e+03   3.5191394e-01
   1.7970000e+03   5.0358302e-01
   1.7980000e+03   1.2815706e-02
   1.7990000e+03  -3.1938605e-01
   1.8000000e+03  -4.9820202e-01
